********************************************************************************
MEME - Motif discovery tool
********************************************************************************
MEME version 5.5.7 (Release date: Wed Jun 19 13:59:04 2024 -0700)

For further information on how to interpret these results please access https://meme-suite.org/meme.
To get a copy of the MEME Suite software please access https://meme-suite.org.

********************************************************************************


********************************************************************************
REFERENCE
********************************************************************************
If you use this program in your research, please cite:

Timothy L. Bailey and Charles Elkan,
"Fitting a mixture model by expectation maximization to
discover motifs in biopolymers",
Proceedings of the Second International Conference on Intelligent Systems
for Molecular Biology, pp. 28-36, AAAI Press, Menlo Park, California, 1994.
********************************************************************************


********************************************************************************
TRAINING SET
********************************************************************************
PRIMARY SEQUENCES= /media/admin1/One Touch/ABJ - Hemangini/batch_1a/hseq_1/1BI8_A_hseq.fasta
CONTROL SEQUENCES= --none--
ALPHABET= ACDEFGHIKLMNPQRSTVWY

********************************************************************************

********************************************************************************
COMMAND LINE SUMMARY
********************************************************************************
This information can also be useful in the event you wish to report a
problem with the MEME software.

command: meme /media/admin1/One Touch/ABJ - Hemangini/batch_1a/hseq_1/1BI8_A_hseq.fasta -protein -nostatus -mod zoops -nmotifs 6 -minw 8 -maxw 17 -objfun classic -markov_order 0 -oc /media/admin1/One Touch/ABJ - Hemangini/batch_1a/motif_1/1BI8_A_motifs -p 24 

model:  mod=         zoops    nmotifs=         6    evt=           inf
objective function:           em=       E-value of product of p-values
                              starts=   E-value of product of p-values
width:  minw=            8    maxw=           17
nsites: minsites=        2    maxsites=     3947    wnsites=       0.8
theta:  spmap=         pam    spfuzz=        120
em:     prior=       megap    b=        1.45986e+07    maxiter=        50
        distance=    1e-05
trim:   wg=             11    ws=              1    endgaps=       yes
data:   n=         2919783    N=            3947
sample: seed=            0    hsfrac=          0
        searchsize= 100000    norand=         no    csites=       1000
Dirichlet mixture priors file: prior30.plib
Letter frequencies in dataset:
A 0.06 C 0.0177 D 0.0533 E 0.0675 F 0.0371 G 0.0621 H 0.0255 I 0.0537 K 0.0623 
L 0.0956 M 0.0223 N 0.0488 P 0.0573 Q 0.0423 R 0.0541 S 0.085 T 0.0532 V 0.0607 
W 0.0105 Y 0.0305 
Background letter frequencies (from file dataset with add-one prior applied):
A 0.06 C 0.0177 D 0.0533 E 0.0675 F 0.0371 G 0.0622 H 0.0256 I 0.0538 K 0.0623 
L 0.0956 M 0.0223 N 0.0488 P 0.0573 Q 0.0423 R 0.0542 S 0.085 T 0.0533 V 0.0607 
W 0.0105 Y 0.0305 
Background model order: 0
********************************************************************************


********************************************************************************
MOTIF HSKGIIHRDLKPENILL MEME-1	width =  17  sites = 3931  llr = 108930  E-value = 3.6e-1090
********************************************************************************
--------------------------------------------------------------------------------
	Motif HSKGIIHRDLKPENILL MEME-1 Description
--------------------------------------------------------------------------------
Simplified        A  111:::::::121::::
pos.-specific     C  ::::::::::::::1::
probability       D  :1::::::a:::1::::
matrix            E  11::::::::::3::::
                  F  ::::1::::::::::1:
                  G  :::3::::::::1::::
                  H  6:1:::9::::::::::
                  I  ::::44:::3::::5:2
                  K  :121::::::8::::::
                  L  ::1:11:::6:1::285
                  M  ::1::::::::::::1:
                  N  :112:::::::::a:::
                  P  ::11:::::::5:::::
                  Q  :11:::::::::1::::
                  R  :111:::9::::1::::
                  S  13:::::::::12::::
                  T  :::::::::::::::::
                  V  ::::33:::1::::2:2
                  W  :::::::::::::::::
                  Y  ::::1:1::::::::::

         bits    6.6                  
                 5.9                  
                 5.3                  
                 4.6       *          
Relative         3.9       * *    *   
Entropy          3.3       *** *  *   
(40.0 bits)      2.6 *     *** *  * * 
                 2.0 *   ******** ****
                 1.3 *   ******** ****
                 0.7 *****************
                 0.0 -----------------

Multilevel           HSXGIIHRDLKPENILL
consensus                VV   I    L V
sequence                              
                                      
                                      
--------------------------------------------------------------------------------

--------------------------------------------------------------------------------
	Motif HSKGIIHRDLKPENILL MEME-1 position-specific scoring matrix
--------------------------------------------------------------------------------
log-odds matrix: alength= 20 w= 17 n= 2856575 bayes= 11.65 E= 3.6e-1090 
    17    137   -360    -26   -382   -221    467   -340   -251   -428   -285   -227   -349   -176   -134    -62   -253   -350    -21   -210 
    -7    -83     37     53   -146   -116    -58   -291     50   -240   -227      6   -264     40     55    200    -59   -190   -532   -289 
    31     -8   -367   -230   -194   -359    182   -181    139      8    176    118     53    103     90   -231   -208   -214  -1002   -220 
  -187    -60    -79   -320   -238    233     71   -412     84   -389   -141    177      1     -8     84   -118   -217   -250     65   -272 
  -464     82  -1171   -570    115  -1074   -383    306   -229    -39    -54  -1067  -1123   -378   -454   -629   -343    212   -949     90 
   -71     44  -1171  -1114   -130   -683  -1017    292  -1078     47     89  -1067   -619  -1039   -569   -337   -192    230   -949    -67 
  -785   -379   -769  -1418   -395  -1371    515  -1242  -1359   -749  -1178  -1257  -1396   -734  -1294  -1333  -1304  -1248   -897    149 
  -293     38   -656   -770   -251   -157   -341   -916   -286   -207   -314   -333   -903   -545    403   -437   -268   -980   -779   -321 
  -505   -610    420   -780  -1287  -1012   -558  -1370   -774  -1368  -1310   -195  -1204   -723   -491   -455  -1056  -1325  -1284  -1171 
  -782   -511  -1538  -1483   -186  -1460  -1357    227  -1460    266     -6  -1464   -780   -537  -1398  -1464  -1236     79  -1142  -1193 
    86   -610   -606   -639  -1298   -779   -430  -1228    375  -1209  -1129   -241  -1234   -530   -148   -313   -238  -1197  -1180  -1162 
   162     43   -312  -1019  -1069   -156   -653   -372   -995    -57   -443   -740    320   -712  -1014     37    -17   -269  -1102  -1108 
    78   -378     94    201  -1018    -25    -58   -605   -130   -428   -343   -106   -286     85    112    100   -121   -618  -1002   -669 
  -751   -353   -985  -1128  -1299  -1034   -306  -1340   -591  -1353  -1264    434  -1216  -1128   -766   -436   -661   -783  -1289  -1233 
  -612    165  -1198  -1141     40  -1101  -1044    313  -1105    126    -75  -1095  -1149  -1064  -1087   -809   -305    152   -530   -580 
  -297   -902  -1048  -1002     62  -1039   -648   -233   -760    310    170  -1012  -1003   -921   -948  -1002   -726   -109   -889   -407 
  -339    -63  -1170  -1113     -4   -774  -1016    181   -775    237     28   -743  -1122  -1037   -391   -720   -420    177   -303    -44 
--------------------------------------------------------------------------------

--------------------------------------------------------------------------------
	Motif HSKGIIHRDLKPENILL MEME-1 position-specific probability matrix
--------------------------------------------------------------------------------
letter-probability matrix: alength= 20 w= 17 nsites= 3931 E= 3.6e-1090 
 0.068176  0.046044  0.004325  0.056729  0.002544  0.013483  0.649962  0.005088  0.010939  0.004833  0.003053  0.009921  0.005088  0.012211  0.021369  0.055711  0.009158  0.005342  0.009158  0.006868 
 0.056983  0.009921  0.068939  0.097685  0.013483  0.027728  0.017044  0.007123  0.087764  0.018062  0.004579  0.050878  0.009158  0.055711  0.079115  0.339863  0.035360  0.016281  0.000254  0.004070 
 0.074281  0.016790  0.004070  0.013483  0.009667  0.005088  0.090562  0.015263  0.163317  0.100992  0.075553  0.110404  0.083185  0.086492  0.100992  0.017044  0.012465  0.013737  0.000000  0.006614 
 0.016281  0.011702  0.030781  0.007123  0.007123  0.312897  0.041720  0.003053  0.111676  0.006360  0.008395  0.166879  0.058001  0.039939  0.097176  0.037395  0.011702  0.010684  0.016535  0.004579 
 0.002289  0.031290  0.000000  0.001272  0.082167  0.000000  0.001781  0.447978  0.012719  0.073009  0.015263  0.000000  0.000000  0.003053  0.002289  0.001018  0.004833  0.264309  0.000000  0.056729 
 0.036632  0.023912  0.000000  0.000000  0.015009  0.000509  0.000000  0.407276  0.000000  0.132791  0.041211  0.000000  0.000763  0.000000  0.001018  0.008140  0.013991  0.299669  0.000000  0.019079 
 0.000254  0.001272  0.000254  0.000000  0.002289  0.000000  0.909438  0.000000  0.000000  0.000509  0.000000  0.000000  0.000000  0.000254  0.000000  0.000000  0.000000  0.000000  0.000000  0.085729 
 0.007886  0.023404  0.000509  0.000254  0.006614  0.021369  0.002289  0.000000  0.008140  0.023149  0.002544  0.004833  0.000000  0.000763  0.882473  0.004070  0.008395  0.000000  0.000000  0.003307 
 0.001781  0.000254  0.978886  0.000254  0.000000  0.000000  0.000509  0.000000  0.000254  0.000000  0.000000  0.012465  0.000000  0.000254  0.001781  0.003561  0.000000  0.000000  0.000000  0.000000 
 0.000254  0.000509  0.000000  0.000000  0.010176  0.000000  0.000000  0.258458  0.000000  0.602900  0.021369  0.000000  0.000254  0.001018  0.000000  0.000000  0.000000  0.105062  0.000000  0.000000 
 0.109133  0.000254  0.000763  0.000763  0.000000  0.000254  0.001272  0.000000  0.838209  0.000000  0.000000  0.009158  0.000000  0.001018  0.019334  0.009667  0.010176  0.000000  0.000000  0.000000 
 0.184940  0.023912  0.006105  0.000000  0.000000  0.021114  0.000254  0.004070  0.000000  0.064615  0.001018  0.000254  0.526329  0.000254  0.000000  0.110404  0.047316  0.009412  0.000000  0.000000 
 0.102773  0.001272  0.102010  0.272959  0.000000  0.052150  0.017044  0.000763  0.025184  0.004833  0.002035  0.023404  0.007886  0.076062  0.117782  0.169931  0.022895  0.000763  0.000000  0.000254 
 0.000254  0.001526  0.000000  0.000000  0.000000  0.000000  0.003053  0.000000  0.001018  0.000000  0.000000  0.989061  0.000000  0.000000  0.000254  0.004070  0.000509  0.000254  0.000000  0.000000 
 0.000763  0.055457  0.000000  0.000000  0.049097  0.000000  0.000000  0.471127  0.000000  0.228949  0.013228  0.000000  0.000000  0.000000  0.000000  0.000254  0.006360  0.174002  0.000254  0.000509 
 0.007647  0.000004  0.000014  0.000017  0.057247  0.000016  0.000261  0.010444  0.000270  0.820426  0.073015  0.000012  0.000015  0.000011  0.000014  0.000022  0.000268  0.028507  0.000003  0.001788 
 0.005597  0.011447  0.000000  0.000000  0.036123  0.000254  0.000000  0.188247  0.000254  0.493767  0.026965  0.000254  0.000000  0.000000  0.003561  0.000509  0.002798  0.206563  0.001272  0.022386 
--------------------------------------------------------------------------------

--------------------------------------------------------------------------------
	Motif HSKGIIHRDLKPENILL MEME-1 regular expression
--------------------------------------------------------------------------------
HSXG[IV][IV]HRD[LI]KPEN[IL]L[LV]
--------------------------------------------------------------------------------




Time  3.23 secs.

********************************************************************************


********************************************************************************
MOTIF SDVWSLGVILYELLT MEME-2	width =  15  sites = 3898  llr = 93057  E-value = 7.6e-854
********************************************************************************
--------------------------------------------------------------------------------
	Motif SDVWSLGVILYELLT MEME-2 Description
--------------------------------------------------------------------------------
Simplified        A  1:::21:::11::11
pos.-specific     C  1::::1:3::::::1
probability       D  :a:::::::::::::
matrix            E  :::::::::::7:::
                  F  :::1:3:::11::1:
                  G  ::::::a::::::::
                  H  :::::::::::::::
                  I  1:3::1:2311111:
                  K  :::::::::::::::
                  L  ::1::3::251:44:
                  M  ::1:::::11::31:
                  N  :::::::::::::::
                  P  :::::::::::::::
                  Q  :::::::::::::::
                  R  :::::::::::::::
                  S  3:::7:::::::::2
                  T  ::::::::1:::::3
                  V  3:4::1:421::111
                  W  ::17::::::1::::
                  Y  :::2:1::::3::::

         bits    6.6                
                 5.9                
                 5.3                
                 4.6    *           
Relative         3.9  * *  *        
Entropy          3.3  * *  *        
(34.4 bits)      2.6  * ** **       
                 2.0  **** *******  
                 1.3 ************** 
                 0.7 ***************
                 0.0 ---------------

Multilevel           SDVWSLGVILYELLT
consensus            V I  F CV   M  
sequence                    IL      
                                    
                                    
--------------------------------------------------------------------------------

--------------------------------------------------------------------------------
	Motif SDVWSLGVILYELLT MEME-2 position-specific scoring matrix
--------------------------------------------------------------------------------
log-odds matrix: alength= 20 w= 15 n= 2864469 bayes= 11.644 E= 7.6e-854 
   130    165   -203  -1112   -431   -192   -403     92   -628   -199   -217   -496   -433   -454  -1059    179    -27    222   -334   -317 
  -503  -1173    421   -541  -1289   -764  -1018   -769  -1090  -1363  -1297   -488  -1205  -1072  -1162   -572   -388  -1288  -1285  -1183 
  -345   -120   -761   -788   -356  -1073  -1016    239  -1077    -28    210   -741   -674   -389   -663   -454   -229    276    302   -164 
 -1310   -609   -766   -229     87   -789   -652  -1243   -691   -842  -1179   -524  -1383   -732   -670   -832  -1284  -1249    610    265 
   161    -94   -610  -1359  -1302    -76  -1302   -512  -1369   -849   -235   -457  -1224   -635   -769    313   -191   -777  -1288  -1333 
     9    161  -1170  -1112    289   -587  -1016     16  -1077    164     12   -741  -1122  -1038  -1059   -396   -193    109   -254    126 
  -114   -506   -927   -774  -1092    396   -991  -1098   -676   -838  -1023   -901  -1076   -720   -979   -621   -533  -1044   -993  -1049 
  -116    382  -1170   -788   -478  -1073   -403    199   -774   -149     -8  -1066  -1122   -628   -536   -454   -137    277   -948   -133 
  -412     76  -1171  -1114   -115  -1074  -1017    260  -1078    116    123   -474  -1123  -1039  -1060   -261     95    197   -949   -578 
   -13      2  -1166  -1108    157   -473   -558     62  -1073    243    241  -1066   -674   -532  -1052   -396   -119     -3   -254   -242 
   113    -75  -1159  -1105    128   -169   -231     26   -683     58     31   -649  -1117   -418   -662   -418   -167   -131    378    336 
  -125    -72   -240    342   -253   -419   -253     19   -293   -460   -197   -322  -1007    -73   -433   -344    -69    -60   -997    -32 
  -213     16  -1171  -1113     -2  -1073   -652    138  -1077    209    378  -1067  -1123  -1038  -1059   -435   -282    -10   -218   -279 
    95     29   -761  -1112    125   -444   -231    126   -774    207    151   -281  -1122   -501   -536   -411   -127     92   -155    -85 
    31    231   -255    -44    -52   -141   -216   -128   -272   -112   -131   -108  -1008   -192    -78     86    262      7   -530     -9 
--------------------------------------------------------------------------------

--------------------------------------------------------------------------------
	Motif SDVWSLGVILYELLT MEME-2 position-specific probability matrix
--------------------------------------------------------------------------------
letter-probability matrix: alength= 20 w= 15 nsites= 3898 E= 7.6e-854 
 0.148025  0.055670  0.013084  0.000000  0.001796  0.016419  0.001539  0.101334  0.000770  0.023858  0.004874  0.001539  0.002822  0.001796  0.000000  0.294767  0.044125  0.283222  0.001026  0.003335 
 0.001796  0.000000  0.989482  0.001539  0.000000  0.000257  0.000000  0.000257  0.000000  0.000000  0.000000  0.001539  0.000000  0.000000  0.000000  0.001539  0.003592  0.000000  0.000000  0.000000 
 0.005387  0.007696  0.000257  0.000257  0.003079  0.000000  0.000000  0.282453  0.000000  0.078758  0.095947  0.000257  0.000513  0.002822  0.000513  0.003592  0.010775  0.412263  0.085685  0.009749 
 0.000000  0.000257  0.000257  0.013853  0.067727  0.000257  0.000257  0.000000  0.000513  0.000257  0.000000  0.001283  0.000000  0.000257  0.000513  0.000257  0.000000  0.000000  0.722935  0.191380 
 0.183684  0.009236  0.000770  0.000000  0.000000  0.036685  0.000000  0.001539  0.000000  0.000257  0.004361  0.002052  0.000000  0.000513  0.000257  0.746280  0.014110  0.000257  0.000000  0.000000 
 0.063622  0.054130  0.000000  0.000000  0.275013  0.001026  0.000000  0.060031  0.000000  0.298102  0.024115  0.000257  0.000000  0.000000  0.000000  0.005387  0.013853  0.129554  0.001796  0.073114 
 0.027193  0.000513  0.000000  0.000257  0.000000  0.968702  0.000000  0.000000  0.000513  0.000257  0.000000  0.000000  0.000000  0.000257  0.000000  0.001026  0.001283  0.000000  0.000000  0.000000 
 0.026680  0.250128  0.000000  0.000257  0.001283  0.000000  0.001539  0.212930  0.000257  0.033864  0.021036  0.000000  0.000000  0.000513  0.001283  0.003592  0.020523  0.414058  0.000000  0.012057 
 0.003335  0.030015  0.000000  0.000000  0.016675  0.000000  0.000000  0.325808  0.000000  0.214212  0.052335  0.001796  0.000000  0.000000  0.000000  0.013853  0.102617  0.238840  0.000000  0.000513 
 0.054900  0.017958  0.000000  0.000000  0.110570  0.002309  0.000513  0.082606  0.000000  0.515136  0.118779  0.000000  0.000513  0.001026  0.000000  0.005387  0.023345  0.059518  0.001796  0.005644 
 0.131606  0.010518  0.000000  0.000000  0.090303  0.019241  0.005131  0.064392  0.000513  0.142894  0.027707  0.000513  0.000000  0.002309  0.000513  0.004618  0.016675  0.024371  0.144433  0.314264 
 0.025141  0.010775  0.010005  0.723191  0.006414  0.003335  0.004361  0.061313  0.007953  0.003848  0.005644  0.005131  0.000000  0.025398  0.002565  0.007696  0.032837  0.040021  0.000000  0.024371 
 0.013597  0.019754  0.000000  0.000000  0.036685  0.000000  0.000257  0.139815  0.000000  0.408928  0.306054  0.000000  0.000000  0.000000  0.000000  0.004105  0.007440  0.056696  0.002309  0.004361 
 0.115700  0.021550  0.000257  0.000000  0.088507  0.002822  0.005131  0.128527  0.000257  0.401488  0.063622  0.006927  0.000000  0.001283  0.001283  0.004874  0.022063  0.115187  0.003592  0.016932 
 0.074141  0.087994  0.008979  0.049513  0.025911  0.023345  0.005644  0.022063  0.009236  0.043869  0.008979  0.023089  0.000000  0.011031  0.031555  0.154951  0.327091  0.063622  0.000257  0.028733 
--------------------------------------------------------------------------------

--------------------------------------------------------------------------------
	Motif SDVWSLGVILYELLT MEME-2 regular expression
--------------------------------------------------------------------------------
[SV]D[VI]WS[LF]G[VCI][IVL]LYE[LM]LT
--------------------------------------------------------------------------------




Time  6.29 secs.

********************************************************************************


********************************************************************************
MOTIF TTVVGTPGYMAPEVJ MEME-3	width =  15  sites = 3458  llr = 68429  E-value = 3.5e-569
********************************************************************************
--------------------------------------------------------------------------------
	Motif TTVVGTPGYMAPEVJ MEME-3 Description
--------------------------------------------------------------------------------
Simplified        A  :::1:::1:17:::1
pos.-specific     C  :::2:::::::::::
probability       D  :1:::::1:::::::
matrix            E  :::::::1::::a::
                  F  ::2:::::1:::::1
                  G  :1::7::2:::::::
                  H  :::::::::::::::
                  I  ::11::1::1:::22
                  K  1::::::::::::::
                  L  ::1:::1::1:::24
                  M  :::::::::3::::1
                  N  1::::::::::::::
                  P  ::::::4:::1a:::
                  Q  :::::::::::::::
                  R  11::::1::2:::::
                  S  12:::2::::1::::
                  T  33:::7:::::::::
                  V  ::241::::1:::41
                  W  :::::::11::::::
                  Y  ::1::::18::::1:

         bits    6.6                
                 5.9                
                 5.3                
                 4.6                
Relative         3.9         *  *   
Entropy          3.3         *  **  
(28.5 bits)      2.6     **  * ***  
                 2.0     **  * ***  
                 1.3    **** *******
                 0.7 ***************
                 0.0 ---------------

Multilevel           TTXVGTPXYMAPEVL
consensus               C          I
sequence                            
                                    
                                    
--------------------------------------------------------------------------------

--------------------------------------------------------------------------------
	Motif TTVVGTPGYMAPEVJ MEME-3 position-specific scoring matrix
--------------------------------------------------------------------------------
log-odds matrix: alength= 20 w= 15 n= 2864469 bayes= 11.9126 E= 3.5e-569 
   -86   -169    -31    -88   -128    -76     84   -178     68   -251     24     81   -381    -86      9     35    233   -154     13     63 
   -38   -161      2    -52   -309     38     62   -253    -91   -287    -88    -50    -96    -31     23     90    239    -42   -358   -181 
   -53    -44   -251    -74    202   -274   -298     64   -237     -3    107   -214    -99    -65    -17   -114    -28    161    -73    183 
    62    350   -312   -233   -114   -228   -363     68   -172   -142     40   -293   -323   -141    -65   -264   -122    263   -358   -167 
   -46    -11   -342   -340   -400    359   -632   -308   -357   -405   -425   -390   -355   -100   -246   -152   -327     42   -417   -340 
  -283   -141   -253   -334  -1058   -540   -485   -490   -491   -631   -423   -204   -346   -372   -285    108    380   -360   -260   -263 
   -44   -212   -209   -218     10   -454    -94      5   -185     30   -118   -320    280   -209    141   -266   -238    -72   -160     59 
    21    -29     13     61      6    154    -40   -135   -351   -115   -226    -18    -61    -96    -99   -185   -139   -246    350    218 
  -346   -355   -628   -606     94   -922    -40   -685   -595   -491   -305   -615   -931   -677   -486   -523   -332   -691    337    466 
    10    -65   -743   -468   -266   -539   -300    112   -262     60    370   -339   -503   -198    186   -287   -133     71   -358   -435 
   359    -72    -72   -546   -666   -224   -412   -431   -930   -615   -507   -358     15   -925   -584     57   -291   -295   -358   -652 
  -393   -586   -641   -385   -539   -751   -541   -407   -659   -454   -345   -358    406   -482   -995   -497   -281   -379   -516   -569 
  -687   -498   -121    384   -906   -566   -485   -843   -611   -792   -859   -523   -978   -333   -641   -647   -701   -650   -849   -889 
  -191    -47   -551   -439   -157   -513   -328    178   -492     83     63   -421   -750    -89    -86   -409   -275    262    -18    183 
    21    -10   -648   -504     77   -294   -255    210   -514    202    129   -632   -529   -328   -421   -386   -247     60   -148     37 
--------------------------------------------------------------------------------

--------------------------------------------------------------------------------
	Motif TTVVGTPGYMAPEVJ MEME-3 position-specific probability matrix
--------------------------------------------------------------------------------
letter-probability matrix: alength= 20 w= 15 nsites= 3458 E= 3.5e-569 
 0.032967  0.005495  0.042799  0.036437  0.015327  0.036726  0.045691  0.015616  0.099769  0.016773  0.026316  0.085599  0.004049  0.023135  0.057548  0.108155  0.268074  0.020821  0.011567  0.047137 
 0.045980  0.005784  0.054078  0.046848  0.004338  0.081261  0.039329  0.009254  0.032967  0.013013  0.012146  0.034413  0.029497  0.034124  0.063331  0.159341  0.279352  0.045402  0.000868  0.008676 
 0.041353  0.013013  0.009254  0.040197  0.150376  0.009254  0.003181  0.083574  0.011857  0.093407  0.046848  0.010989  0.028918  0.026894  0.048005  0.038462  0.043956  0.185656  0.006362  0.108444 
 0.091961  0.200983  0.006073  0.013302  0.016773  0.012724  0.002024  0.086177  0.018797  0.035570  0.029497  0.006362  0.006073  0.015905  0.034413  0.013592  0.022846  0.376518  0.000868  0.009543 
 0.043956  0.016484  0.004916  0.006362  0.002313  0.747253  0.000289  0.006362  0.005205  0.005784  0.001157  0.003181  0.004916  0.021400  0.009832  0.029786  0.005495  0.081839  0.000578  0.002892 
 0.008386  0.006651  0.009254  0.006651  0.000000  0.001446  0.000868  0.001735  0.002024  0.001157  0.001157  0.011857  0.005205  0.003181  0.007519  0.180451  0.740891  0.004916  0.001735  0.004916 
 0.044245  0.004049  0.012435  0.014748  0.039907  0.002603  0.013302  0.055523  0.017062  0.117698  0.009832  0.005205  0.400231  0.009832  0.143725  0.013302  0.010121  0.036726  0.003470  0.045980 
 0.069404  0.014459  0.058126  0.103239  0.038751  0.181029  0.019375  0.021110  0.005205  0.043088  0.004627  0.043088  0.037594  0.021689  0.027183  0.023424  0.020243  0.010989  0.119144  0.138230 
 0.005205  0.001446  0.000578  0.000868  0.070561  0.000000  0.019086  0.000289  0.000868  0.002892  0.002603  0.000578  0.000000  0.000289  0.001735  0.002024  0.005205  0.000289  0.109890  0.775593 
 0.064488  0.011278  0.000289  0.002603  0.005784  0.001446  0.003181  0.116831  0.010121  0.145171  0.290052  0.004627  0.001735  0.010700  0.197513  0.011567  0.021110  0.099190  0.000868  0.001446 
 0.724407  0.010700  0.032678  0.001446  0.000289  0.013013  0.001446  0.002603  0.000000  0.001157  0.000578  0.004049  0.064488  0.000000  0.000868  0.126663  0.006940  0.007519  0.000868  0.000289 
 0.003759  0.000289  0.000578  0.004627  0.000868  0.000289  0.000578  0.003181  0.000578  0.004049  0.002024  0.004049  0.958357  0.001446  0.000000  0.002603  0.007519  0.004338  0.000289  0.000578 
 0.000289  0.000578  0.024291  0.963852  0.000000  0.001157  0.000868  0.000000  0.000868  0.000289  0.000000  0.001157  0.000000  0.004338  0.000578  0.000868  0.000289  0.000578  0.000000  0.000000 
 0.015905  0.012724  0.001157  0.003181  0.012435  0.001735  0.002603  0.184211  0.002024  0.170330  0.034413  0.002603  0.000289  0.022846  0.029786  0.004916  0.007808  0.373626  0.009254  0.108155 
 0.069404  0.016484  0.000578  0.002024  0.063331  0.008097  0.004338  0.230769  0.001735  0.388953  0.054367  0.000578  0.001446  0.004338  0.002892  0.005784  0.009543  0.092250  0.003759  0.039329 
--------------------------------------------------------------------------------

--------------------------------------------------------------------------------
	Motif TTVVGTPGYMAPEVJ MEME-3 regular expression
--------------------------------------------------------------------------------
TTX[VC]GTPXYMAPEV[LI]
--------------------------------------------------------------------------------




Time  9.61 secs.

********************************************************************************


********************************************************************************
MOTIF VVKJADFGLAR MEME-4	width =  11  sites = 3825  llr = 68005  E-value = 6.3e-549
********************************************************************************
--------------------------------------------------------------------------------
	Motif VVKJADFGLAR MEME-4 Description
--------------------------------------------------------------------------------
Simplified        A  :1::3::::61
pos.-specific     C  :1::1::::1:
probability       D  1::::a:::::
matrix            E  1::::::::::
                  F  ::::::9:1::
                  G  ::::1::a:::
                  H  1::::::::::
                  I  12:51::::::
                  K  ::8:::::::3
                  L  :2:3::1:6::
                  M  ::::::::1::
                  N  1::::::::::
                  P  :::::::::::
                  Q  1::::::::::
                  R  1:1:::::::4
                  S  ::::2:::13:
                  T  1:::1:::::1
                  V  13:2::::1::
                  W  :::::::::::
                  Y  :::::::::::

         bits    6.6            
                 5.9            
                 5.3            
                 4.6            
Relative         3.9      ***   
Entropy          3.3      ***   
(25.6 bits)      2.6   *  *** * 
                 2.0   ** ***** 
                 1.3  **********
                 0.7 ***********
                 0.0 -----------

Multilevel           XVKIADFGLAR
consensus             L L     SK
sequence              I         
                                
                                
--------------------------------------------------------------------------------

--------------------------------------------------------------------------------
	Motif VVKJADFGLAR MEME-4 position-specific scoring matrix
--------------------------------------------------------------------------------
log-odds matrix: alength= 20 w= 11 n= 2880257 bayes= 11.7846 E= 6.3e-549 
  -111    -17     17     53   -250   -267    217     -5    -41   -133    -61    118   -180     55     18   -104     69    101   -373   -101 
   102    160  -1167  -1110   -274   -308   -314    197  -1074    136   -101  -1063    -39  -1035   -751   -408   -275    220   -372   -240 
  -344    -27   -931   -625   -310   -741    -68   -331    370   -379    -71   -572   -925   -148     17   -620   -385   -110   -829   -106 
  -186   -912  -1172  -1114   -450  -1075  -1018    308  -1079    184   -230   -739  -1124  -1040   -752   -570   -430    152   -950   -520 
   240    280   -759  -1115   -680    106  -1019     82  -1080   -259   -207   -739  -1123  -1040  -1061     93    121   -118   -951   -945 
  -501  -1211    421   -564  -1283   -428   -554  -1366   -625  -1364  -1307   -326  -1200  -1055  -1147   -714  -1052  -1321  -1281  -1167 
  -961   -499  -1090  -1099    461  -1095   -554   -882  -1098    -67   -224   -648  -1075  -1083  -1096   -716  -1037   -543     12    -92 
  -533   -262   -228   -769  -1079    397   -427  -1086   -975  -1143  -1011   -405  -1065   -716   -653   -526   -992  -1035   -979  -1035 
  -196    -56   -565   -565    118   -773   -261    -35   -765    268    150   -338  -1053   -450   -982    -66   -106    -14    -13   -141 
   325    203   -652   -627   -412   -160   -458   -553   -945   -629   -293   -470  -1061   -704   -731    177   -148   -233   -897   -482 
    14     50   -295   -187   -355   -129   -190   -160    201   -292   -177    -77   -540   -144    277   -123     21    -43   -998   -315 
--------------------------------------------------------------------------------

--------------------------------------------------------------------------------
	Motif VVKJADFGLAR MEME-4 position-specific probability matrix
--------------------------------------------------------------------------------
letter-probability matrix: alength= 20 w= 11 nsites= 3825 E= 6.3e-549 
 0.027712  0.015686  0.059869  0.097778  0.006536  0.009673  0.114771  0.052026  0.046797  0.037908  0.014641  0.111111  0.016471  0.061961  0.061176  0.041307  0.086013  0.122614  0.000784  0.015163 
 0.121569  0.053595  0.000000  0.000000  0.005490  0.007320  0.002876  0.210458  0.000000  0.244967  0.010980  0.000000  0.043922  0.000000  0.000261  0.004967  0.007843  0.279216  0.000784  0.005752 
 0.005490  0.015163  0.000000  0.000784  0.004444  0.000261  0.016471  0.005490  0.803399  0.007059  0.014118  0.000784  0.000000  0.015686  0.061699  0.001046  0.003660  0.029281  0.000000  0.015163 
 0.016471  0.000000  0.000000  0.000000  0.001569  0.000000  0.000000  0.455425  0.000000  0.342484  0.004444  0.000261  0.000000  0.000000  0.000261  0.001569  0.002614  0.174118  0.000000  0.000784 
 0.317908  0.123660  0.000261  0.000000  0.000261  0.129673  0.000000  0.095163  0.000000  0.015686  0.005229  0.000261  0.000000  0.000000  0.000000  0.162353  0.122876  0.026667  0.000000  0.000000 
 0.001830  0.000000  0.986928  0.001307  0.000000  0.003137  0.000523  0.000000  0.000784  0.000000  0.000000  0.004967  0.000000  0.000000  0.000000  0.000523  0.000000  0.000000  0.000000  0.000000 
 0.000000  0.000523  0.000000  0.000000  0.904314  0.000000  0.000523  0.000000  0.000000  0.060131  0.004706  0.000523  0.000000  0.000000  0.000000  0.000523  0.000000  0.001307  0.011503  0.015948 
 0.001307  0.002876  0.010980  0.000261  0.000000  0.977516  0.001307  0.000000  0.000000  0.000000  0.000000  0.002876  0.000000  0.000261  0.000523  0.002092  0.000000  0.000000  0.000000  0.000000 
 0.015425  0.012026  0.001046  0.001307  0.084444  0.000261  0.004183  0.042092  0.000261  0.612549  0.063529  0.004706  0.000000  0.001830  0.000000  0.054118  0.025621  0.055425  0.009673  0.011503 
 0.571242  0.072680  0.000523  0.000784  0.002092  0.020392  0.001046  0.001046  0.000000  0.001046  0.002876  0.001830  0.000000  0.000261  0.000261  0.292026  0.019085  0.011765  0.000000  0.001046 
 0.066144  0.025098  0.006797  0.018301  0.003137  0.025359  0.006797  0.017778  0.250458  0.012549  0.006536  0.028497  0.001307  0.015425  0.369673  0.036078  0.061438  0.045229  0.000000  0.003399 
--------------------------------------------------------------------------------

--------------------------------------------------------------------------------
	Motif VVKJADFGLAR MEME-4 regular expression
--------------------------------------------------------------------------------
X[VLI]K[IL]ADFGL[AS][RK]
--------------------------------------------------------------------------------




Time 12.69 secs.

********************************************************************************


********************************************************************************
MOTIF EVJGKGAFGKVYKAR MEME-5	width =  15  sites = 3705  llr = 73529  E-value = 1.7e-613
********************************************************************************
--------------------------------------------------------------------------------
	Motif EVJGKGAFGKVYKAR MEME-5 Description
--------------------------------------------------------------------------------
Simplified        A  ::::::2:1::::4:
pos.-specific     C  :::::::::::1:1:
probability       D  :::::::::::::::
matrix            E  21::2::::2::1:1
                  F  :::::::6:::1:::
                  G  :::a:a2:8::::3:
                  H  :::::::::::::::
                  I  :14::::::1::::1
                  K  22::2::::2:13:1
                  L  :15:::::::::2::
                  M  :::::::::::::::
                  N  1:::::1::::::::
                  P  :1:::::::::::::
                  Q  1:::1::::1::::1
                  R  2:::2::::1::1:2
                  S  ::::1:2:11::1::
                  T  :1::::1::1::::1
                  V  :21::::::19::11
                  W  :::::::::::::::
                  Y  :::::::2:::4:::

         bits    6.6                
                 5.9                
                 5.3                
                 4.6                
Relative         3.9    * *         
Entropy          3.3    * * ** *    
(28.6 bits)      2.6   ** * ** *    
                 2.0   ** * ** ** * 
                 1.3   ** **** ** * 
                 0.7 ***************
                 0.0 ---------------

Multilevel           XXLGXGAFGXVYKAR
consensus              I   GY    LG 
sequence                   S        
                                    
                                    
--------------------------------------------------------------------------------

--------------------------------------------------------------------------------
	Motif EVJGKGAFGKVYKAR MEME-5 position-specific scoring matrix
--------------------------------------------------------------------------------
log-odds matrix: alength= 20 w= 15 n= 2864469 bayes= 11.8197 E= 1.7e-613 
   -86    -91    -21    156   -329    -50    -33   -242    168   -329   -146     67   -333     48    181    -96   -164   -200   -269   -223 
  -249    -86   -215     70    -68   -498   -216     43    156     11    -41   -301     28    -14    -16   -285     55    162   -170   -173 
  -457   -321  -1209   -691   -472  -1114  -1058    285   -524    239   -203  -1107  -1161  -1078  -1100  -1064   -497     62   -986   -573 
  -173   -594   -521   -512  -1074    394   -642  -1081   -751  -1138  -1006   -428   -569   -447   -648   -247   -500   -670   -974  -1031 
   -36    -31   -147    139   -285   -223     35   -282    163   -399    -46   -143   -535    116    157     59    -57   -160   -138   -242 
  -876   -499   -656   -786  -1214    400  -1139  -1221  -1154  -1264  -1142  -1050  -1168  -1156  -1136   -508   -526  -1115  -1142  -1194 
   183     15   -280    -99   -264    175    -10   -501   -135   -724   -432     14   -510     23   -157    125    121   -316   -295   -420 
  -350   -104   -945   -491    413   -239   -227   -328   -611   -445     -9   -274   -742   -154   -591   -121   -190   -426   -357    277 
    71   -499   -943  -1024   -550    371  -1005  -1109   -281  -1165  -1034   -711  -1084  -1040   -994    -14   -596   -761   -524  -1063 
  -105     49   -114    116   -285   -337   -175     12    147   -179    -61   -119   -256     41      0    -20    121    109   -426   -173 
  -170   -113  -1381  -1381  -1206   -773  -1350   -165  -1384   -333  -1093  -1288  -1285  -1314   -762   -594   -115    392  -1306  -1298 
  -248    210   -413   -271    184   -741     18   -135    -17   -162     31   -428   -941   -180    -16   -296   -291    -43    201    383 
  -109   -194   -632     12   -189   -293     -9   -196    229    138     27   -533   -997    -27    103    -42   -186   -170   -368   -133 
   275    248   -754  -1105   -470    238  -1008   -248  -1070   -431   -100  -1059  -1115   -713   -655   -293   -378    103   -269   -264 
  -281   -178   -169     12    -57   -574    -50     57    112   -103     -8   -193   -745     48    195   -180    122     45     44     45 
--------------------------------------------------------------------------------

--------------------------------------------------------------------------------
	Motif EVJGKGAFGKVYKAR MEME-5 position-specific probability matrix
--------------------------------------------------------------------------------
letter-probability matrix: alength= 20 w= 15 nsites= 3705 E= 1.7e-613 
 0.032928  0.009447  0.046154  0.199730  0.003779  0.043995  0.020243  0.009987  0.199460  0.009717  0.008097  0.078003  0.005668  0.058839  0.190013  0.043725  0.017004  0.015115  0.001619  0.006478 
 0.010526  0.009717  0.011876  0.109582  0.023212  0.001889  0.005668  0.072605  0.183266  0.103644  0.016734  0.005938  0.069636  0.038327  0.048583  0.011606  0.077733  0.187045  0.003239  0.009177 
 0.002429  0.001889  0.000000  0.000540  0.001350  0.000000  0.000000  0.388124  0.001619  0.503374  0.005398  0.000000  0.000000  0.000000  0.000000  0.000000  0.001619  0.093117  0.000000  0.000540 
 0.018084  0.000270  0.001350  0.001889  0.000000  0.954386  0.000270  0.000000  0.000270  0.000000  0.000000  0.002429  0.001080  0.001889  0.000540  0.015385  0.001619  0.000540  0.000000  0.000000 
 0.046694  0.014305  0.019163  0.177328  0.005128  0.013225  0.032659  0.007557  0.193252  0.005938  0.016194  0.018084  0.001350  0.094467  0.161134  0.127935  0.035897  0.019973  0.004049  0.005668 
 0.000000  0.000540  0.000540  0.000270  0.000000  0.994872  0.000000  0.000000  0.000000  0.000000  0.000000  0.000000  0.000000  0.000000  0.000000  0.002429  0.001350  0.000000  0.000000  0.000000 
 0.213495  0.019703  0.007557  0.033738  0.005938  0.208907  0.023752  0.001619  0.024291  0.000540  0.001080  0.053981  0.001619  0.049663  0.018084  0.202699  0.123617  0.006748  0.001350  0.001619 
 0.005128  0.008637  0.000000  0.002159  0.649933  0.011876  0.005128  0.005398  0.000810  0.004049  0.021053  0.007287  0.000270  0.014575  0.000810  0.036977  0.014305  0.002969  0.000810  0.207827 
 0.098785  0.000540  0.000000  0.000000  0.000810  0.811876  0.000000  0.000000  0.008907  0.000000  0.000000  0.000270  0.000000  0.000000  0.000000  0.077463  0.000810  0.000270  0.000270  0.000000 
 0.028880  0.024831  0.024022  0.151417  0.005128  0.005938  0.007557  0.058570  0.173279  0.027530  0.014575  0.021323  0.009717  0.056140  0.054251  0.073954  0.123347  0.129825  0.000540  0.009177 
 0.018354  0.008097  0.000000  0.000000  0.000000  0.000270  0.000000  0.017004  0.000000  0.009447  0.000000  0.000000  0.000000  0.000000  0.000270  0.001350  0.024022  0.921188  0.000000  0.000000 
 0.010526  0.076113  0.002969  0.010256  0.132794  0.000270  0.028880  0.021053  0.055870  0.031039  0.027800  0.002429  0.000000  0.012146  0.048583  0.010796  0.007018  0.045344  0.042645  0.433468 
 0.028070  0.004588  0.000540  0.073144  0.009987  0.008097  0.024022  0.013765  0.305533  0.249123  0.026991  0.001080  0.000000  0.035088  0.110391  0.063428  0.014575  0.018623  0.000810  0.012146 
 0.403779  0.099055  0.000270  0.000000  0.001350  0.324696  0.000000  0.009447  0.000000  0.004588  0.011066  0.000000  0.000000  0.000270  0.000540  0.011066  0.003779  0.123617  0.001619  0.004858 
 0.008367  0.005128  0.016464  0.073144  0.025101  0.001080  0.018084  0.080162  0.135493  0.046694  0.021053  0.012686  0.000270  0.058839  0.209987  0.024291  0.124157  0.083131  0.014305  0.041565 
--------------------------------------------------------------------------------

--------------------------------------------------------------------------------
	Motif EVJGKGAFGKVYKAR MEME-5 regular expression
--------------------------------------------------------------------------------
XX[LI]GXG[AGS][FY]GXVY[KL][AG]R
--------------------------------------------------------------------------------




Time 15.74 secs.

********************************************************************************


********************************************************************************
MOTIF REIKJLKKLRHPNIVRL MEME-6	width =  17  sites = 3072  llr = 60619  E-value = 1.1e-446
********************************************************************************
--------------------------------------------------------------------------------
	Motif REIKJLKKLRHPNIVRL MEME-6 Description
--------------------------------------------------------------------------------
Simplified        A  1:21::1::::::::1:
pos.-specific     C  :::::::::::::::::
probability       D  :::1:::::1:::::::
matrix            E  19:1:::1:::1:::::
                  F  ::::::::1:::1:::1
                  G  ::::::1::::::::1:
                  H  :::::::1:19:1::::
                  I  ::4:41::1::::52:1
                  K  1::1::32:2:1:::2:
                  L  ::1:25:15::::21:6
                  M  :::::2:::::::::::
                  N  1::1:::1:1::6::1:
                  P  :::::::::::5:::::
                  Q  1::1::11:1:::::1:
                  R  4::1::21:2:1:::2:
                  S  1::1::11:1:::::1:
                  T  1:::1::::::::::::
                  V  ::2:1:::1::::26::
                  W  :::::::::::::::::
                  Y  ::::::::::::::::1

         bits    6.6                  
                 5.9                  
                 5.3                  
                 4.6                  
Relative         3.9           *      
Entropy          3.3  *        *      
(28.5 bits)      2.6  *        * *    
                 2.0  *   *    * *** *
                 1.3 *** **  ******* *
                 0.7 *****************
                 0.0 -----------------

Multilevel           REIXILKXLRHPNIVRL
consensus              V LM       LI  
sequence                          V   
                                      
                                      
--------------------------------------------------------------------------------

--------------------------------------------------------------------------------
	Motif REIKJLKKLRHPNIVRL MEME-6 position-specific scoring matrix
--------------------------------------------------------------------------------
log-odds matrix: alength= 20 w= 17 n= 2856575 bayes= 12.067 E= 1.1e-446 
    60   -185   -229    -33   -575   -184   -120   -319     16   -280    -70    129   -483     64    276    -69     43   -150   -131   -371 
  -354   -852   -308    380   -492   -447   -432   -271   -559   -442   -599   -508   -962   -266   -241   -678   -616   -304   -355   -873 
   135   -159   -476   -317   -143   -190   -980    271   -129     27     47   -242   -640   -467    -87   -362   -308    185   -398   -229 
    24    -68     -5    101   -258   -187    -68    -67    122   -108    -48      4   -718    128     59     61   -108    -43   -399    -99 
   -55   -137  -1136   -754    -88   -648   -212    271   -340    138    112    -91   -464   -202   -346   -194      7    120   -494   -196 
  -194     14  -1098   -534   -212   -411     30     32   -376    248    338   -314   -485   -117   -367   -370   -196   -125   -341   -295 
    62    -72   -411   -123   -667     35    -34   -297    223   -203   -129   -149   -398     66    158     72   -108   -214   -399   -321 
   -79    -31    -45     58   -266    -80    125   -212    131    -23     73     30   -632    140    121    -20    -71   -245   -496   -215 
  -169    118   -574   -534    124   -357   -467     84   -522    246    104   -298   -464   -466   -626   -215   -120     84   -398   -142 
  -290   -176    126   -124   -283   -298    153   -297    142   -436   -373    138   -632    118    205    -15   -195   -218   -268   -159 
  -580   -125   -276   -408   -207   -249    509   -982   -590   -603   -495    -75   -719   -318   -512    -86   -492   -718   -484   -419 
  -145   -176    -28     70   -575   -281    -51   -250     16   -366   -307   -245    317    -69     85   -197   -280   -152   -968   -489 
  -340   -186   -263   -625     99   -180    215   -614   -121   -458   -838    373   -329   -337   -174   -162   -370   -630   -170      5 
  -478   -275   -705   -599   -332   -725   -467    327   -712    124   -328   -182   -983   -894   -703   -480   -323    182   -828   -284 
  -220    -86   -692   -526   -554   -892   -461    204   -545      4    -98   -404   -300   -532   -678   -428   -120    331   -851   -632 
    -4    -48   -258    -47   -575    -15    -27   -290    167   -186   -307     19    -80    121    197     23    -16   -263   -399   -393 
  -299    -53  -1080   -746    168   -742   -427     10   -475    269     23   -616   -511   -321   -418   -500   -211    -69   -341    157 
--------------------------------------------------------------------------------

--------------------------------------------------------------------------------
	Motif REIKJLKKLRHPNIVRL MEME-6 position-specific probability matrix
--------------------------------------------------------------------------------
letter-probability matrix: alength= 20 w= 17 nsites= 3072 E= 1.1e-446 
 0.091146  0.004883  0.010742  0.053711  0.000651  0.017253  0.011068  0.005859  0.069336  0.013672  0.013672  0.119792  0.001953  0.066081  0.367513  0.052734  0.071940  0.021484  0.004232  0.002279 
 0.005534  0.000000  0.005534  0.937500  0.001302  0.002930  0.001302  0.009115  0.001302  0.004883  0.000326  0.001302  0.000000  0.007161  0.011393  0.000651  0.000651  0.008138  0.000977  0.000000 
 0.152995  0.005859  0.001953  0.007487  0.013672  0.016602  0.000000  0.350911  0.025391  0.114909  0.030924  0.009115  0.000651  0.001628  0.029622  0.006836  0.006185  0.218424  0.000651  0.006185 
 0.070964  0.011068  0.051432  0.136393  0.006185  0.016927  0.015951  0.033854  0.145182  0.045247  0.015951  0.050130  0.000326  0.102865  0.081706  0.129557  0.025065  0.045247  0.000651  0.015299 
 0.041016  0.006836  0.000000  0.000326  0.020182  0.000651  0.005859  0.353190  0.005859  0.248372  0.048503  0.026042  0.002279  0.010417  0.004883  0.022135  0.055990  0.139323  0.000326  0.007812 
 0.015625  0.019531  0.000000  0.001628  0.008464  0.003581  0.031576  0.067057  0.004557  0.533529  0.233398  0.005534  0.001953  0.018880  0.004232  0.006510  0.013672  0.025391  0.000977  0.003906 
 0.092448  0.010742  0.002930  0.028646  0.000326  0.079427  0.020182  0.006836  0.293294  0.023438  0.009115  0.017253  0.003581  0.067057  0.162109  0.139974  0.025065  0.013672  0.000651  0.003255 
 0.034505  0.014323  0.039062  0.100911  0.005859  0.035807  0.060872  0.012370  0.154948  0.081380  0.037109  0.060221  0.000651  0.111654  0.125651  0.073893  0.032552  0.011068  0.000326  0.006836 
 0.018555  0.040365  0.000977  0.001628  0.088216  0.005208  0.000977  0.096680  0.001628  0.525391  0.045898  0.006185  0.002279  0.001628  0.000651  0.019206  0.023112  0.109375  0.000651  0.011393 
 0.007812  0.005208  0.127930  0.028320  0.005208  0.007812  0.073893  0.006836  0.166341  0.004557  0.001628  0.127604  0.000651  0.096029  0.224935  0.076497  0.013672  0.013346  0.001628  0.010091 
 0.000977  0.007487  0.007812  0.003906  0.008789  0.011068  0.871419  0.000000  0.000977  0.001302  0.000651  0.028971  0.000326  0.004232  0.001302  0.047201  0.001628  0.000326  0.000326  0.001302 
 0.021810  0.005208  0.043945  0.110026  0.000651  0.008789  0.017904  0.009440  0.069336  0.007487  0.002604  0.008789  0.518880  0.026042  0.097982  0.021484  0.007487  0.021159  0.000000  0.000977 
 0.005534  0.004883  0.008464  0.000651  0.074544  0.017904  0.114909  0.000651  0.027018  0.003906  0.000000  0.648112  0.005859  0.003906  0.016276  0.027669  0.003906  0.000651  0.003255  0.031901 
 0.001953  0.002604  0.000326  0.000977  0.003581  0.000326  0.000977  0.515299  0.000326  0.229167  0.001953  0.013997  0.000000  0.000000  0.000326  0.002930  0.005534  0.215495  0.000000  0.004232 
 0.012370  0.009766  0.000326  0.001628  0.000651  0.000000  0.000977  0.224609  0.001302  0.099935  0.011393  0.002930  0.007161  0.000977  0.000326  0.004232  0.023112  0.597982  0.000000  0.000326 
 0.058268  0.012695  0.008789  0.048503  0.000651  0.055990  0.021159  0.007161  0.198568  0.026367  0.002604  0.055664  0.032878  0.097982  0.213216  0.099609  0.047526  0.009766  0.000651  0.001953 
 0.007487  0.012370  0.000000  0.000326  0.120117  0.000326  0.001302  0.057617  0.002279  0.617188  0.026042  0.000651  0.001628  0.004557  0.002930  0.002604  0.012370  0.037760  0.000977  0.091471 
--------------------------------------------------------------------------------

--------------------------------------------------------------------------------
	Motif REIKJLKKLRHPNIVRL MEME-6 regular expression
--------------------------------------------------------------------------------
RE[IV]X[IL][LM]KXLRHPN[ILV][VI]RL
--------------------------------------------------------------------------------




Time 18.75 secs.

********************************************************************************

********************************************************************************
Stopped because requested number of motifs (6) found.
********************************************************************************

CPU: admin1-OptiPlex-Tower-Plus-7010

********************************************************************************
