********************************************************************************
MEME - Motif discovery tool
********************************************************************************
MEME version 5.5.7 (Release date: Wed Jun 19 13:59:04 2024 -0700)

For further information on how to interpret these results please access https://meme-suite.org/meme.
To get a copy of the MEME Suite software please access https://meme-suite.org.

********************************************************************************


********************************************************************************
REFERENCE
********************************************************************************
If you use this program in your research, please cite:

Timothy L. Bailey and Charles Elkan,
"Fitting a mixture model by expectation maximization to
discover motifs in biopolymers",
Proceedings of the Second International Conference on Intelligent Systems
for Molecular Biology, pp. 28-36, AAAI Press, Menlo Park, California, 1994.
********************************************************************************


********************************************************************************
TRAINING SET
********************************************************************************
PRIMARY SEQUENCES= /media/admin1/One Touch/ABJ - Hemangini/batch_1a/hseq_2/1B6C_F_hseq.fasta
CONTROL SEQUENCES= --none--
ALPHABET= ACDEFGHIKLMNPQRSTVWY

********************************************************************************

********************************************************************************
COMMAND LINE SUMMARY
********************************************************************************
This information can also be useful in the event you wish to report a
problem with the MEME software.

command: meme /media/admin1/One Touch/ABJ - Hemangini/batch_1a/hseq_2/1B6C_F_hseq.fasta -protein -nostatus -mod zoops -nmotifs 9 -minw 8 -maxw 17 -objfun classic -markov_order 0 -oc /media/admin1/One Touch/ABJ - Hemangini/batch_1a/motif_2/1B6C_F_motifs -p 24 

model:  mod=         zoops    nmotifs=         9    evt=           inf
objective function:           em=       E-value of product of p-values
                              starts=   E-value of product of p-values
width:  minw=            8    maxw=           17
nsites: minsites=        2    maxsites=     2625    wnsites=       0.8
theta:  spmap=         pam    spfuzz=        120
em:     prior=       megap    b=        9.17956e+06    maxiter=        50
        distance=    1e-05
trim:   wg=             11    ws=              1    endgaps=       yes
data:   n=         1835962    N=            2625
sample: seed=            0    hsfrac=          0
        searchsize= 100000    norand=         no    csites=       1000
Dirichlet mixture priors file: prior30.plib
Letter frequencies in dataset:
A 0.0589 C 0.0181 D 0.0523 E 0.066 F 0.0376 G 0.0634 H 0.0253 I 0.054 K 0.0604 
L 0.0985 M 0.0231 N 0.0499 P 0.0568 Q 0.0417 R 0.0538 S 0.0858 T 0.0529 V 0.0605 
W 0.0108 Y 0.0302 
Background letter frequencies (from file dataset with add-one prior applied):
A 0.0589 C 0.0181 D 0.0523 E 0.066 F 0.0376 G 0.0634 H 0.0253 I 0.054 K 0.0604 
L 0.0985 M 0.0231 N 0.0499 P 0.0568 Q 0.0417 R 0.0538 S 0.0858 T 0.0529 V 0.0605 
W 0.0108 Y 0.0302 
Background model order: 0
********************************************************************************


********************************************************************************
MOTIF HSKGIIHRDLKPSNILL MEME-1	width =  17  sites = 2601  llr = 72554  E-value = 1.0e-1104
********************************************************************************
--------------------------------------------------------------------------------
	Motif HSKGIIHRDLKPSNILL MEME-1 Description
--------------------------------------------------------------------------------
Simplified        A  111:::::::121::::
pos.-specific     C  1:::::::::::::1::
probability       D  :1::::::a:::1::::
matrix            E  11::::::::::2::::
                  F  ::::1::::::::::1:
                  G  :::2::::::::1::::
                  H  6:1:::9::::::::::
                  I  ::::54:::3::::5:2
                  K  :121::::::8::::::
                  L  ::1:11:::6::::295
                  M  ::1::::::::::::1:
                  N  :111:::::::::a:::
                  P  ::11:::::::4:::::
                  Q  :11:::::::::1::::
                  R  :111:::9::::1::::
                  S  13:::::::::22::::
                  T  :::::::::::1:::::
                  V  ::::33:::1::::2:2
                  W  :::::::::::::::::
                  Y  ::::1:1::::::::::

         bits    6.5                  
                 5.9                  
                 5.2       *          
                 4.6       *          
Relative         3.9       ***    *   
Entropy          3.3       *** *  *   
(40.2 bits)      2.6 *     *** *  * * 
                 2.0 *   ******** ****
                 1.3 *   ******** ****
                 0.7 *****************
                 0.0 -----------------

Multilevel           HSXGIIHRDLKPSNILL
consensus                VV   I A  L V
sequence                              
                                      
                                      
--------------------------------------------------------------------------------

--------------------------------------------------------------------------------
	Motif HSKGIIHRDLKPSNILL MEME-1 position-specific scoring matrix
--------------------------------------------------------------------------------
log-odds matrix: alength= 20 w= 17 n= 1793911 bayes= 11.492 E= 1.0e-1104 
    54    194   -325      6   -312   -176    451   -305   -338   -340   -231   -277   -374   -144   -225    -24   -284   -305     18   -272 
    19    -98     35     37   -166   -119    -37   -227     73   -278   -480      2   -195     40     72    189    -56   -171   -946   -269 
    26   -165   -314   -215   -208   -302    172   -196    136    -41    164    116    124    119     82   -232   -173   -204   -946   -269 
  -125    -21   -127   -398   -202    185     91   -429    111   -398   -100    159     67     20    105   -118   -170   -187    112   -295 
  -481     81  -1109  -1051     70  -1017   -370    308   -168    -88    -32  -1011  -1062   -342   -411   -540   -336    217   -893    116 
   -61    -27  -1109  -1051   -139  -1017   -956    297  -1014     58     14  -1011   -708   -977   -695   -387   -244    229   -893    -25 
 -1265  -1173   -707  -1356   -447  -1314    520  -1183  -1295   -787  -1124  -1201  -1335   -672  -1233  -1275  -1244  -1189   -841    108 
  -782    -79   -595   -709   -265   -215   -422   -859   -292   -254   -826   -573   -844   -485    412   -493   -660   -922   -724   -371 
 -1163  -1255    423  -1135  -1339   -725  -1092  -1431  -1165  -1416  -1380   -188  -1263  -1149  -1230   -478  -1142  -1378  -1300  -1245 
 -1181   -554  -1498  -1437   -108  -1416  -1298    231  -1413    257     22  -1425   -719   -476  -1345  -1426  -1191     70  -1081  -1130 
   102   -554  -1141   -632  -1246   -727   -591  -1145    378  -1127  -1046   -269  -1185   -642   -105   -340   -285  -1113  -1103  -1100 
   202     52   -993   -717   -961   -108   -593   -449   -953   -134   -483   -998    289   -929   -691    101      6   -220  -1002   -999 
   124   -355     35    159   -960    -29   -139   -546    -55   -389   -272    -79   -229     85    120    130    -91   -610   -946   -893 
  -915   -551   -906  -1051  -1234   -974   -286  -1284   -623   -796  -1215    431  -1153  -1056  -1138   -418   -692   -723  -1229  -1157 
 -1093    154  -1411  -1388   -185  -1373  -1376    328   -728    111   -158  -1362  -1374  -1332  -1387  -1360   -285    161  -1209  -1203 
  -273   -846   -987   -941     56   -981   -897   -428   -921    311    144   -955   -943   -861   -888   -944   -853   -203   -833   -393 
  -298   -131  -1111  -1052   -125  -1020   -958    169  -1016    239    -47  -1014  -1064   -978   -452   -746   -373    199   -895   -116 
--------------------------------------------------------------------------------

--------------------------------------------------------------------------------
	Motif HSKGIIHRDLKPSNILL MEME-1 position-specific probability matrix
--------------------------------------------------------------------------------
letter-probability matrix: alength= 20 w= 17 nsites= 2601 E= 1.0e-1104 
 0.086890  0.070358  0.005383  0.069589  0.004229  0.018839  0.576701  0.006536  0.005767  0.009227  0.004614  0.006920  0.004229  0.014994  0.011150  0.073433  0.007305  0.007305  0.012303  0.004229 
 0.067282  0.009227  0.066513  0.085352  0.011918  0.027682  0.019608  0.011150  0.099962  0.014225  0.000769  0.050365  0.014610  0.054979  0.088812  0.318724  0.035755  0.018454  0.000000  0.004614 
 0.070742  0.005767  0.005767  0.014610  0.008843  0.007689  0.083429  0.013841  0.154940  0.074202  0.071895  0.111496  0.134179  0.095348  0.095348  0.016917  0.015763  0.014610  0.000000  0.004614 
 0.024606  0.015763  0.021530  0.003845  0.009227  0.228374  0.047674  0.002691  0.130719  0.006151  0.011534  0.149942  0.090734  0.047674  0.111880  0.037678  0.016148  0.016532  0.023453  0.003845 
 0.001922  0.031911  0.000000  0.000000  0.061130  0.000000  0.001922  0.457516  0.018839  0.053441  0.018454  0.000000  0.000000  0.003845  0.003076  0.001922  0.004998  0.273356  0.000000  0.067666 
 0.038447  0.014994  0.000000  0.000000  0.014225  0.000000  0.000000  0.423299  0.000000  0.146867  0.025375  0.000000  0.000384  0.000000  0.000384  0.005767  0.009612  0.295271  0.000000  0.025375 
 0.000000  0.000000  0.000384  0.000000  0.001538  0.000000  0.933872  0.000000  0.000000  0.000384  0.000000  0.000000  0.000000  0.000384  0.000000  0.000000  0.000000  0.000000  0.000000  0.063437 
 0.000000  0.010765  0.000769  0.000384  0.006151  0.014610  0.001153  0.000000  0.007305  0.017301  0.000000  0.000769  0.000000  0.001153  0.934256  0.002691  0.000384  0.000000  0.000000  0.002307 
 0.000000  0.000000  0.983083  0.000000  0.000000  0.000384  0.000000  0.000000  0.000000  0.000000  0.000000  0.013456  0.000000  0.000000  0.000000  0.003076  0.000000  0.000000  0.000000  0.000000 
 0.000000  0.000384  0.000000  0.000000  0.017686  0.000000  0.000000  0.267589  0.000000  0.587082  0.026913  0.000000  0.000384  0.001538  0.000000  0.000000  0.000000  0.098424  0.000000  0.000000 
 0.119185  0.000384  0.000000  0.000769  0.000000  0.000384  0.000384  0.000000  0.829681  0.000000  0.000000  0.007689  0.000000  0.000384  0.025759  0.008074  0.007305  0.000000  0.000000  0.000000 
 0.239523  0.026144  0.000000  0.000384  0.000000  0.029988  0.000384  0.002307  0.000000  0.038831  0.000769  0.000000  0.419839  0.000000  0.000384  0.173010  0.055363  0.013072  0.000000  0.000000 
 0.139177  0.001538  0.066513  0.199154  0.000000  0.051903  0.009612  0.001153  0.041138  0.006536  0.003460  0.028835  0.011534  0.075356  0.124183  0.211073  0.028066  0.000769  0.000000  0.000000 
 0.000000  0.000384  0.000000  0.000000  0.000000  0.000000  0.003460  0.000000  0.000769  0.000384  0.000000  0.989619  0.000000  0.000000  0.000000  0.004614  0.000384  0.000384  0.000000  0.000000 
 0.000000  0.052672  0.000000  0.000000  0.010381  0.000000  0.000000  0.524414  0.000384  0.212226  0.007689  0.000000  0.000000  0.000000  0.000000  0.000000  0.007305  0.184929  0.000000  0.000000 
 0.008865  0.000007  0.000020  0.000025  0.055762  0.000024  0.000010  0.002328  0.000023  0.853171  0.063062  0.000019  0.000022  0.000016  0.000021  0.000033  0.000020  0.014633  0.000004  0.001934 
 0.007305  0.007305  0.000000  0.000000  0.015763  0.000000  0.000000  0.174548  0.000000  0.518647  0.016532  0.000000  0.000000  0.000000  0.002307  0.000384  0.003845  0.239908  0.000000  0.013456 
--------------------------------------------------------------------------------

--------------------------------------------------------------------------------
	Motif HSKGIIHRDLKPSNILL MEME-1 regular expression
--------------------------------------------------------------------------------
HSXG[IV][IV]HRD[LI]K[PA]SN[IL]L[LV]
--------------------------------------------------------------------------------




Time 14.73 secs.

********************************************************************************


********************************************************************************
MOTIF KSDVWSFGVILYELLTG MEME-2	width =  17  sites = 2570  llr = 69071  E-value = 6.9e-1061
********************************************************************************
--------------------------------------------------------------------------------
	Motif KSDVWSFGVILYELLTG MEME-2 Description
--------------------------------------------------------------------------------
Simplified        A  22:::2::::11::11:
pos.-specific     C  ::::::1:2::::::1:
probability       D  ::a::::::::::::::
matrix            E  1:::::::::::8::1:
                  F  ::::1:4:::11::1::
                  G  :::::::a::::::::6
                  H  :::::::::::::::::
                  I  :1:3::::3311:22::
                  K  4::::::::::::::::
                  L  :::1::2::252:43:1
                  M  :::1::::::1::31::
                  N  :::::::::::::::::
                  P  :::::::::::::::::
                  Q  1::::::::::::::::
                  R  1:::::::::::::::1
                  S  14:::8:::::::::2:
                  T  :::::::::1:::::4:
                  V  :3:5::1:431::11::
                  W  :::17::::::2:::::
                  Y  ::::3:1::::2:::::

         bits    6.5                  
                 5.9                  
                 5.2                  
                 4.6     *            
Relative         3.9   * *  *         
Entropy          3.3   * *  *         
(38.8 bits)      2.6   **** **   *    
                 2.0   ************  *
                 1.3 *****************
                 0.7 *****************
                 0.0 -----------------

Multilevel           KSDVWSFGVILYELLTG
consensus             V IY L IV   M   
sequence                     CL       
                                      
                                      
--------------------------------------------------------------------------------

--------------------------------------------------------------------------------
	Motif KSDVWSFGVILYELLTG MEME-2 position-specific scoring matrix
--------------------------------------------------------------------------------
log-odds matrix: alength= 20 w= 17 n= 1793911 bayes= 11.6316 E= 6.9e-1061 
   150   -137   -322      2   -398   -151   -143   -428    275   -245   -113   -212    -19     37      5    -38    -80   -246   -278   -462 
   139    116   -603  -1049   -841   -182   -368     69  -1012   -291   -302   -684   -372   -470   -693    208    -32    214   -891   -422 
 -1475  -1383    425   -508  -1460  -1351  -1393  -1595  -1514  -1526  -1566  -1484  -1414  -1476  -1451  -1523  -1473  -1562  -1355  -1440 
  -349   -390  -1107  -1049   -420  -1016   -954    245  -1012    -80    152   -684  -1061   -976   -693   -492   -281    304    247   -256 
 -1264  -1171  -1334  -1354    100  -1312   -591  -1181  -1293  -1142  -1122  -1199  -1333  -1192  -1231  -1273  -1242  -1187    593    315 
   151    -41   -606  -1305  -1251    -55  -1249  -1256  -1318  -1285   -272   -598  -1165  -1207  -1254    316   -390  -1090  -1237  -1281 
   -81    181  -1108  -1049    326   -716   -954    -22  -1013    132     38  -1009  -1061   -976   -998   -492   -237     98   -220    150 
   -97   -965  -1195   -736  -1227    393  -1199  -1232  -1238  -1267  -1153  -1128  -1152  -1179  -1197   -513   -504  -1083  -1192  -1238 
  -133    366  -1179  -1125   -636  -1093  -1038    222  -1090   -120     11   -691  -1136  -1057  -1079   -476   -208    277   -974   -959 
  -438     74  -1197  -1144   -159  -1112  -1057    241  -1110    124     92  -1105  -1154  -1075  -1098   -242    106    213   -990   -976 
    -9     24  -1101  -1042    162   -452   -496     43  -1007    240    244  -1009   -706   -470   -988   -474   -212      4   -220   -280 
   100    -90  -1107  -1049     81   -135   -243     58   -709     97    -18   -592  -1061   -356   -602   -474   -106   -138    409    301 
  -112   -184   -323    365   -277   -617   -574    -93   -260   -582   -326   -433   -965   -115   -582   -641   -158    -69   -928   -202 
  -277    -15  -1273  -1221    -92  -1191  -1135    174  -1189    206    363  -1184  -1222  -1142  -1175   -673   -299     23  -1040  -1038 
   127     31  -1107  -1049    105   -416   -440    148  -1012    176    171   -536  -1061   -566   -693   -492    -97    126   -120   -146 
    34    201   -201    -10   -169   -179   -200   -153   -264   -249   -130   -106   -942   -181    -82     84    290    -37   -944    -26 
  -147    -74   -399   -342    -76    318    -89   -320    -67    -45   -306   -153   -512   -207    128   -234   -438   -518   -474     65 
--------------------------------------------------------------------------------

--------------------------------------------------------------------------------
	Motif KSDVWSFGVILYELLTG MEME-2 position-specific probability matrix
--------------------------------------------------------------------------------
letter-probability matrix: alength= 20 w= 17 nsites= 2570 E= 6.9e-1061 
 0.166926  0.007004  0.005447  0.066926  0.002335  0.022179  0.009339  0.002724  0.408560  0.017899  0.010506  0.011284  0.049805  0.053696  0.055642  0.065759  0.030350  0.010895  0.001556  0.001167 
 0.154864  0.040467  0.000778  0.000000  0.000000  0.017899  0.001946  0.087160  0.000000  0.012840  0.002724  0.000389  0.004280  0.001556  0.000389  0.363035  0.042412  0.267704  0.000000  0.001556 
 0.000000  0.000000  0.998054  0.001946  0.000000  0.000000  0.000000  0.000000  0.000000  0.000000  0.000000  0.000000  0.000000  0.000000  0.000000  0.000000  0.000000  0.000000  0.000000  0.000000 
 0.005058  0.001167  0.000000  0.000000  0.001946  0.000000  0.000000  0.295331  0.000000  0.056420  0.066148  0.000389  0.000000  0.000000  0.000389  0.002724  0.007393  0.498054  0.059922  0.005058 
 0.000000  0.000000  0.000000  0.000000  0.075097  0.000000  0.000389  0.000000  0.000000  0.000000  0.000000  0.000000  0.000000  0.000000  0.000000  0.000000  0.000000  0.000000  0.657198  0.267315 
 0.167315  0.013619  0.000778  0.000000  0.000000  0.043191  0.000000  0.000000  0.000000  0.000000  0.003502  0.000778  0.000000  0.000000  0.000000  0.767315  0.003502  0.000000  0.000000  0.000000 
 0.033463  0.063813  0.000000  0.000000  0.359922  0.000389  0.000000  0.046304  0.000000  0.246304  0.029961  0.000000  0.000000  0.000000  0.000000  0.002724  0.010117  0.119066  0.002335  0.085603 
 0.029961  0.000000  0.000000  0.000389  0.000000  0.965759  0.000000  0.000000  0.000000  0.000000  0.000000  0.000000  0.000000  0.000000  0.000000  0.002335  0.001556  0.000000  0.000000  0.000000 
 0.023346  0.229572  0.000000  0.000000  0.000389  0.000000  0.000000  0.251362  0.000000  0.042802  0.024903  0.000389  0.000000  0.000000  0.000000  0.003113  0.012451  0.411673  0.000000  0.000000 
 0.002724  0.030350  0.000000  0.000000  0.012451  0.000000  0.000000  0.286770  0.000000  0.232296  0.043580  0.000000  0.000000  0.000000  0.000000  0.015953  0.110506  0.265370  0.000000  0.000000 
 0.055253  0.021401  0.000000  0.000000  0.115953  0.002724  0.000778  0.072763  0.000000  0.520233  0.125292  0.000000  0.000389  0.001556  0.000000  0.003113  0.012062  0.061868  0.002335  0.004280 
 0.117899  0.009728  0.000000  0.000000  0.065759  0.024903  0.004669  0.080934  0.000389  0.192996  0.020233  0.000778  0.000000  0.003502  0.000778  0.003113  0.025292  0.022957  0.183268  0.242802 
 0.026848  0.005058  0.005447  0.829183  0.005447  0.000778  0.000389  0.028405  0.009728  0.001556  0.002335  0.002335  0.000000  0.018677  0.000778  0.000778  0.017510  0.037354  0.000000  0.007393 
 0.008560  0.016342  0.000000  0.000000  0.019844  0.000000  0.000000  0.180545  0.000000  0.409728  0.286770  0.000000  0.000000  0.000000  0.000000  0.000778  0.006615  0.070817  0.000000  0.000000 
 0.142412  0.022568  0.000000  0.000000  0.077821  0.003502  0.001167  0.150584  0.000000  0.334241  0.075486  0.001167  0.000000  0.000778  0.000389  0.002724  0.026848  0.144747  0.004669  0.010895 
 0.074319  0.073152  0.012840  0.061479  0.011673  0.018288  0.006226  0.018677  0.009339  0.017510  0.009339  0.023735  0.000000  0.011673  0.030350  0.153696  0.395720  0.046693  0.000000  0.025292 
 0.021012  0.010895  0.003113  0.005837  0.022179  0.576654  0.013619  0.005837  0.037743  0.072374  0.002724  0.017121  0.001556  0.009728  0.131128  0.016732  0.002335  0.001556  0.000389  0.047471 
--------------------------------------------------------------------------------

--------------------------------------------------------------------------------
	Motif KSDVWSFGVILYELLTG MEME-2 regular expression
--------------------------------------------------------------------------------
K[SV]D[VI][WY]S[FL]G[VIC][IVL]LYE[LM]LTG
--------------------------------------------------------------------------------




Time 29.81 secs.

********************************************************************************


********************************************************************************
MOTIF JGEGGFGKVYKARLKGT MEME-3	width =  17  sites = 2552  llr = 53886  E-value = 7.5e-727
********************************************************************************
--------------------------------------------------------------------------------
	Motif JGEGGFGKVYKARLKGT MEME-3 Description
--------------------------------------------------------------------------------
Simplified        A  ::::2:1::::4:::1:
pos.-specific     C  :::::::::1:1:::::
probability       D  :::::::::::::2:11
matrix            E  ::2::::2::::1::11
                  F  :::::6:::1:::::::
                  G  :a:a2:8::::4:::22
                  H  :::::::::::::1:::
                  I  4::::::1::::1::::
                  K  ::2::::2::4:1:21:
                  L  5:::::::::2::211:
                  M  :::::::::::::::::
                  N  :::::::::::::1111
                  P  ::::::::::::::1::
                  Q  ::1::::1::::1::::
                  R  ::1::::1::1:2:1::
                  S  ::1:2111::1::::11
                  T  ::::1::1::::1:1:3
                  V  1::::::1a::11:1::
                  W  :::::::::1:::1:::
                  Y  :::::2:::5:::::::

         bits    6.5                  
                 5.9                  
                 5.2                  
                 4.6                  
Relative         3.9  * *    *        
Entropy          3.3  * *  * *        
(30.5 bits)      2.6 ** * ** *        
                 2.0 ** * ** ** *     
                 1.3 ** **** ****     
                 0.7 *************** *
                 0.0 -----------------

Multilevel           LGEGGFGXVYKARLKXT
consensus            I   AY     G     
sequence                              
                                      
                                      
--------------------------------------------------------------------------------

--------------------------------------------------------------------------------
	Motif JGEGGFGKVYKARLKGT MEME-3 position-specific scoring matrix
--------------------------------------------------------------------------------
log-odds matrix: alength= 20 w= 17 n= 1793911 bayes= 11.6408 E= 7.5e-727 
  -461   -352  -1297   -638   -455  -1226  -1187    296   -346    225   -228  -1218  -1258  -1192  -1221  -1185   -692     65  -1100  -1085 
  -128   -925   -465   -455  -1023    391   -918  -1029   -912  -1090   -958   -412  -1005   -510   -503   -291   -471   -705   -924   -976 
   -30   -163   -156    173   -267   -252     29   -278    162   -447    -75   -177   -511    134    137     56    -57   -157   -473   -217 
  -579   -545   -584   -708  -1025    397   -920  -1031   -914  -1091   -960   -653  -1007   -656   -909   -597   -682   -978   -927   -978 
   180     59   -526    -88   -219    192    -40   -686   -182   -624   -383     -4   -603     -4   -107    102    145   -354   -944   -293 
  -301    -95   -877   -472    399   -225   -138   -371   -855   -452    -24   -307   -913   -104   -535    -76   -172   -475   -306    296 
    59   -393   -859   -940   -649    372   -925  -1035   -227  -1095   -964   -654  -1010   -962   -914    -60   -349   -523   -474   -983 
   -88     86   -132    125   -299   -331   -168      8    145   -241    -42   -120   -213     30     -2    -14    122    114   -944   -226 
  -140   -236  -1334  -1319  -1107   -726  -1295   -228  -1310   -512   -580  -1258  -1268  -1272   -708   -765   -290    398  -1236  -1203 
  -300    212   -465   -328    178   -882      0   -143    -31   -232    -33   -458   -886   -110    -77   -304   -323   -106    244    401 
   -72   -207   -650    -43   -150   -268     43   -182    262     87     51   -483   -942    -77    112    -49   -171   -205   -376    -84 
   282    170  -1106   -724   -623    259   -953   -232  -1011   -429   -106  -1008  -1060   -975   -601   -442   -494     78   -276   -364 
  -346   -207   -162     -3    -50   -384    -76     46    114   -101     10   -166   -690     35    214   -179    123     41    -32     25 
  -103     42    155    -72    -97   -293    239   -115    -82    109    -39     81   -604   -260   -116   -129   -332   -129    289     51 
   -80   -195    -89    -82   -194   -274     41    -29    197    -40   -129     37    -11     -9    146   -103      5    -12    -32   -122 
    -5   -352    151     46   -287    131     29   -141     -4    -58   -240     76    -62    -14    -12    -51    -46    -56   -161   -209 
  -239   -272     32    -13   -494    130   -148   -168    -97   -109   -254     23    -93   -108   -136     34    266   -187   -146   -267 
--------------------------------------------------------------------------------

--------------------------------------------------------------------------------
	Motif JGEGGFGKVYKARLKGT MEME-3 position-specific probability matrix
--------------------------------------------------------------------------------
letter-probability matrix: alength= 20 w= 17 nsites= 2552 E= 7.5e-727 
 0.002351  0.001567  0.000000  0.000784  0.001567  0.000000  0.000000  0.421238  0.005486  0.467476  0.004702  0.000000  0.000000  0.000000  0.000000  0.000000  0.000392  0.094436  0.000000  0.000000 
 0.024295  0.000000  0.001959  0.002743  0.000000  0.951803  0.000000  0.000000  0.000000  0.000000  0.000000  0.002743  0.000000  0.001176  0.001567  0.011364  0.001959  0.000392  0.000000  0.000000 
 0.047806  0.005878  0.017633  0.218652  0.005878  0.010972  0.030956  0.007837  0.186129  0.004310  0.013715  0.014498  0.001567  0.105799  0.139107  0.126176  0.035658  0.020376  0.000392  0.006661 
 0.000784  0.000392  0.000784  0.000392  0.000000  0.995298  0.000000  0.000000  0.000000  0.000000  0.000000  0.000392  0.000000  0.000392  0.000000  0.001176  0.000392  0.000000  0.000000  0.000000 
 0.205329  0.027429  0.001176  0.035658  0.008229  0.240204  0.019201  0.000392  0.016850  0.001176  0.001567  0.048589  0.000784  0.040361  0.025470  0.173981  0.144592  0.005094  0.000000  0.003918 
 0.007053  0.009404  0.000000  0.002351  0.600705  0.013323  0.009404  0.003918  0.000000  0.003918  0.019592  0.005878  0.000000  0.020376  0.001176  0.050940  0.016066  0.001959  0.001176  0.232759 
 0.089342  0.001176  0.000000  0.000000  0.000392  0.832288  0.000000  0.000000  0.012539  0.000000  0.000000  0.000392  0.000000  0.000000  0.000000  0.057210  0.004702  0.001567  0.000392  0.000000 
 0.031740  0.032915  0.020768  0.157524  0.004702  0.006270  0.007837  0.057210  0.164969  0.018417  0.017241  0.021552  0.012931  0.051332  0.052900  0.077586  0.123824  0.134013  0.000000  0.006270 
 0.022335  0.003527  0.000000  0.000000  0.000000  0.000392  0.000000  0.010972  0.000000  0.002743  0.000392  0.000000  0.000000  0.000000  0.000392  0.000392  0.007053  0.951803  0.000000  0.000000 
 0.007053  0.079545  0.001959  0.006661  0.128527  0.000000  0.025078  0.019984  0.048981  0.019592  0.018417  0.001959  0.000000  0.019592  0.031740  0.010188  0.005486  0.028997  0.059169  0.487069 
 0.035658  0.004310  0.000392  0.048981  0.013323  0.009796  0.034091  0.015282  0.372257  0.180643  0.032915  0.001567  0.000000  0.024295  0.117163  0.061129  0.016066  0.014498  0.000784  0.016850 
 0.417320  0.059169  0.000000  0.000392  0.000392  0.382445  0.000000  0.010580  0.000000  0.004702  0.010972  0.000000  0.000000  0.000000  0.000784  0.003918  0.001567  0.103840  0.001567  0.002351 
 0.005094  0.004310  0.016850  0.064655  0.026646  0.004310  0.014890  0.074451  0.133621  0.048981  0.024687  0.015674  0.000392  0.052900  0.238245  0.024687  0.124216  0.080721  0.008621  0.036050 
 0.028605  0.024295  0.153213  0.039969  0.019201  0.008229  0.132837  0.024295  0.034091  0.210815  0.017633  0.087382  0.000784  0.006661  0.023903  0.034875  0.005094  0.024687  0.080329  0.043103 
 0.033699  0.004702  0.028213  0.037226  0.009796  0.009404  0.033699  0.044279  0.236285  0.074843  0.009404  0.064263  0.052508  0.039185  0.148511  0.041928  0.054859  0.055643  0.008621  0.012931 
 0.056818  0.001567  0.148903  0.090517  0.005094  0.157915  0.030956  0.020376  0.058777  0.065831  0.004310  0.084639  0.036834  0.037618  0.049373  0.060345  0.038401  0.041144  0.003527  0.007053 
 0.010972  0.002743  0.065439  0.060345  0.001176  0.155956  0.009013  0.016850  0.030564  0.046238  0.003918  0.058386  0.029781  0.019592  0.020768  0.108934  0.334248  0.016458  0.003918  0.004702 
--------------------------------------------------------------------------------

--------------------------------------------------------------------------------
	Motif JGEGGFGKVYKARLKGT MEME-3 regular expression
--------------------------------------------------------------------------------
[LI]GEG[GA][FY]GXVYK[AG]RLKXT
--------------------------------------------------------------------------------




Time 44.26 secs.

********************************************************************************


********************************************************************************
MOTIF DEBGNVKJADFGLAR MEME-4	width =  15  sites = 2557  llr = 53967  E-value = 3.7e-717
********************************************************************************
--------------------------------------------------------------------------------
	Motif DEBGNVKJADFGLAR MEME-4 Description
--------------------------------------------------------------------------------
Simplified        A  :1:::2::4::::61
pos.-specific     C  :::1:1::1::::1:
probability       D  412:1::::a:::::
matrix            E  :31:1::::::::::
                  F  :::1::::::9:1::
                  G  1::4::::1::a:::
                  H  ::::1::::::::::
                  I  :::::2:5:::::::
                  K  :11:::8:::::::2
                  L  :::1:2:3::1:6::
                  M  :::1::::::::1::
                  N  21211::::::::::
                  P  :::::1:::::::::
                  Q  ::1:1::::::::::
                  R  ::::1:1:::::::4
                  S  11::::::2::::3:
                  T  1:::1:::1::::::
                  V  ::::13:2::::1::
                  W  :::::::::::::::
                  Y  :::::::::::::::

         bits    6.5                
                 5.9                
                 5.2                
                 4.6                
Relative         3.9          ***   
Entropy          3.3          ***   
(30.4 bits)      2.6       ** *** * 
                 2.0       ******** 
                 1.3 *  * **********
                 0.7 ***************
                 0.0 ---------------

Multilevel           DENGXVKIADFGLAR
consensus              D  L L     SK
sequence                    V       
                                    
                                    
--------------------------------------------------------------------------------

--------------------------------------------------------------------------------
	Motif DEBGNVKJADFGLAR MEME-4 position-specific scoring matrix
--------------------------------------------------------------------------------
log-odds matrix: alength= 20 w= 15 n= 1799161 bayes= 11.6425 E= 3.7e-717 
  -173   -207    290   -148   -312     63   -115   -505    -46   -511   -305    168   -300   -452   -200     18    109   -378   -944   -325 
    72   -236     82    197   -233   -111     27   -278     60   -227    -67     42   -130    -46    -62     74    -68   -280   -473   -217 
  -110   -145    199     50   -299    -59     67   -474     43   -306   -326    224   -172     52    -15    -80    -22   -256   -473   -136 
  -204    180    -87   -283    133    252   -115   -285   -145     34    175     25   -205   -201   -222   -198   -259   -378     50     30 
  -125     13     21     84   -288   -332    184    -25    -83   -171   -197    154   -308     30     -2    -97    109    119   -318   -201 
   148    220  -1107  -1048   -623   -269   -399    169  -1012    103    -74  -1008     14   -975   -692   -344   -334    216   -891   -279 
  -299     25   -873   -615   -555   -856    -76   -343    375   -410   -235   -566   -868   -131     34   -566   -640    -95   -777   -209 
  -463  -1059  -1389  -1357   -646  -1336  -1311    309  -1338    167   -187   -698  -1344  -1285  -1335  -1314   -506    181  -1163   -467 
   269    262  -1110  -1052   -624    108   -958   -110   -709   -240   -226   -592  -1063   -979  -1001    119    104   -170   -895   -884 
 -1149  -1245    425   -729   -657   -499  -1062  -1412  -1133  -1399  -1360   -436  -1242  -1118  -1203  -1076  -1116  -1365  -1287  -1216 
 -1008   -393  -1134  -1142    460  -1139   -952   -913  -1133    -50   -207  -1097  -1120  -1099  -1121   -759  -1072   -424   -315   -159 
  -501   -928   -288   -571  -1026    396   -919  -1032   -914  -1093   -961   -338  -1008   -957   -680   -645   -935   -980   -928   -978 
  -253    -55  -1059   -535    109   -718   -589    -23   -966    271    136  -1002   -997   -896   -928   -200    -79     17     21   -152 
   330    180   -592   -500   -490   -187   -368   -533   -883   -611   -379   -668  -1002   -880   -673    179   -146   -251   -843   -892 
    44    -29   -461   -255   -550    -98   -253   -220    186   -248   -197    -63   -511   -147    298   -138    -17    -42   -944   -391 
--------------------------------------------------------------------------------

--------------------------------------------------------------------------------
	Motif DEBGNVKJADFGLAR MEME-4 position-specific probability matrix
--------------------------------------------------------------------------------
letter-probability matrix: alength= 20 w= 15 nsites= 2557 E= 3.7e-717 
 0.017599  0.004302  0.390692  0.023465  0.004302  0.098162  0.011341  0.001564  0.043801  0.002738  0.002738  0.159953  0.007039  0.001564  0.013297  0.096989  0.113023  0.004302  0.000000  0.003129 
 0.096989  0.003520  0.092296  0.258897  0.007431  0.029331  0.030504  0.007822  0.091513  0.020336  0.014470  0.066875  0.023074  0.030113  0.034806  0.143528  0.032851  0.008604  0.000391  0.006648 
 0.027376  0.006648  0.208838  0.093469  0.004693  0.042237  0.040282  0.001955  0.081345  0.011732  0.002346  0.236605  0.017208  0.059836  0.048494  0.049276  0.045366  0.010168  0.000391  0.011732 
 0.014079  0.063355  0.028549  0.008995  0.095033  0.364881  0.011341  0.007431  0.021901  0.125147  0.077826  0.059445  0.013688  0.010168  0.011341  0.021510  0.008604  0.004302  0.015252  0.037153 
 0.024638  0.019945  0.060618  0.118498  0.005084  0.006257  0.090731  0.045366  0.033633  0.030113  0.005866  0.145092  0.006648  0.051232  0.053187  0.043801  0.112632  0.138052  0.001173  0.007431 
 0.164646  0.083692  0.000000  0.000000  0.000391  0.009777  0.001564  0.174032  0.000000  0.201408  0.013688  0.000000  0.062573  0.000000  0.000391  0.007822  0.005084  0.270630  0.000000  0.004302 
 0.007431  0.022683  0.000000  0.000782  0.000782  0.000000  0.015643  0.005084  0.806805  0.005866  0.004693  0.000782  0.000000  0.017599  0.069613  0.001564  0.000391  0.032851  0.000000  0.007431 
 0.002346  0.000000  0.000000  0.000000  0.000391  0.000000  0.000000  0.460696  0.000000  0.314431  0.006257  0.000391  0.000000  0.000000  0.000000  0.000000  0.001564  0.212749  0.000000  0.001173 
 0.380133  0.111850  0.000000  0.000000  0.000391  0.134142  0.000000  0.025029  0.000391  0.018381  0.004693  0.000782  0.000000  0.000000  0.000000  0.196715  0.109112  0.018381  0.000000  0.000000 
 0.000000  0.000000  0.994916  0.000391  0.000391  0.001955  0.000000  0.000000  0.000000  0.000000  0.000000  0.002346  0.000000  0.000000  0.000000  0.000000  0.000000  0.000000  0.000000  0.000000 
 0.000000  0.001173  0.000000  0.000000  0.909269  0.000000  0.000000  0.000000  0.000000  0.069613  0.005475  0.000000  0.000000  0.000000  0.000000  0.000391  0.000000  0.003129  0.001173  0.009777 
 0.001564  0.000000  0.007039  0.001173  0.000000  0.984357  0.000000  0.000000  0.000000  0.000000  0.000000  0.004693  0.000000  0.000000  0.000391  0.000782  0.000000  0.000000  0.000000  0.000000 
 0.010168  0.012515  0.000000  0.001564  0.080563  0.000391  0.000391  0.046148  0.000000  0.644896  0.059445  0.000000  0.000000  0.000000  0.000000  0.021510  0.030896  0.068440  0.012515  0.010559 
 0.578412  0.063747  0.000782  0.001955  0.001173  0.017208  0.001955  0.001173  0.000000  0.001173  0.001564  0.000391  0.000000  0.000000  0.000391  0.300743  0.019163  0.010168  0.000000  0.000000 
 0.080172  0.014861  0.001955  0.010950  0.000782  0.032069  0.004302  0.011732  0.219007  0.017599  0.005866  0.032069  0.001564  0.014861  0.425108  0.032851  0.046930  0.045366  0.000000  0.001955 
--------------------------------------------------------------------------------

--------------------------------------------------------------------------------
	Motif DEBGNVKJADFGLAR MEME-4 regular expression
--------------------------------------------------------------------------------
DE[ND]GX[VL]K[ILV]ADFGL[AS][RK]
--------------------------------------------------------------------------------




Time 49.80 secs.

********************************************************************************


********************************************************************************
MOTIF REIKJLKKLRHPNJVRL MEME-5	width =  17  sites = 2237  llr = 46651  E-value = 4.5e-657
********************************************************************************
--------------------------------------------------------------------------------
	Motif REIKJLKKLRHPNJVRL MEME-5 Description
--------------------------------------------------------------------------------
Simplified        A  1:21::1::::::::1:
pos.-specific     C  :::::::::::::::::
probability       D  :::::::::1:1:::::
matrix            E  :a:1:::1:::1:::::
                  F  ::::::::1:::1:::1
                  G  ::::::1::::::::1:
                  H  :::::::1:19:1::::
                  I  ::4:31::1::::52:1
                  K  1::1::32:2:1:::2:
                  L  ::1135:15::::31:6
                  M  ::::13:::::::::::
                  N  1::1:::1:1::7::1:
                  P  :::::::::::5:::::
                  Q  1::1::11:1:::::1:
                  R  4::1::11:2:1:::2:
                  S  :::1::21:1:::::1:
                  T  1:::1::::::::::::
                  V  ::211:::1::::26::
                  W  :::::::::::::::::
                  Y  ::::::::::::::::1

         bits    6.5                  
                 5.9                  
                 5.2                  
                 4.6           *      
Relative         3.9           *      
Entropy          3.3  *        *      
(30.1 bits)      2.6  *        * * *  
                 2.0  *   *    * *** *
                 1.3 *** **  ******* *
                 0.7 *****************
                 0.0 -----------------

Multilevel           REIXILKXLRHPNIVRL
consensus              V LM       L K 
sequence                          V   
                                      
                                      
--------------------------------------------------------------------------------

--------------------------------------------------------------------------------
	Motif REIKJLKKLRHPNJVRL MEME-5 position-specific scoring matrix
--------------------------------------------------------------------------------
log-odds matrix: alength= 20 w= 17 n= 1793911 bayes= 11.6383 E= 4.5e-657 
    81   -154   -232    -53   -531   -209   -156   -429     30   -318   -151    128   -492     84    272    -80     58   -149    -34   -305 
  -258   -816   -286    385   -853   -779   -428   -467   -551   -477   -564   -503   -921   -267   -303   -706   -645   -460   -468   -600 
   141   -134   -679   -288   -220   -179   -934    282   -212     -5     69   -248  -1041   -956   -170   -375   -400    195   -451   -288 
    23    -89    -24    100   -169   -193    -86    -75    122    -87    -93      4   -395    112     64     69   -118    -24   -299    -62 
   -75   -102  -1087   -517    -77   -696   -173    246   -406    141    114    -54  -1041   -154   -273   -152     42    124   -871   -168 
  -212    -35   -485  -1010   -228   -606    -24     64   -977    239    348   -362   -685   -146   -581   -386   -156    -84   -355   -371 
    52    -89   -556   -182   -623     74    -96   -389    234   -185   -116   -213   -273     40    139     86    -88   -183   -357   -497 
  -112    -39    -22     71   -306    -84    121   -233    135    -30     61     29   -921    155    131    -30   -102   -267   -454   -236 
  -171    140  -1083   -613    146   -550   -477     84   -988    237    102   -309   -496   -948   -672   -237    -93     82   -451   -126 
  -327   -253    108   -138   -306   -504    155   -331    152   -473   -333    133   -671    143    218     -7   -276   -242   -454   -236 
  -675   -144   -276   -400   -239   -685    516  -1028   -948   -967   -875   -132   -989   -342   -811   -113   -570   -977   -844   -472 
  -163   -333     -5     93   -531   -428   -117   -266     32   -367   -333   -225    312    -89    108   -204   -268   -138   -925   -587 
  -356   -255   -251   -834     38   -354    206   -619    -96   -512   -749    386   -832   -364   -224   -217   -581   -785   -443     -2 
  -576   -427  -1099  -1041   -335  -1008   -947    320  -1005    140   -397   -398  -1053   -968   -991   -494   -286    186   -884   -305 
  -227   -153  -1086   -613   -821   -995   -934    188   -992     24   -115   -516  -1040   -638   -673   -549   -121    337   -871   -860 
   -16   -188   -245    -53   -531    -13    -36   -579    176   -183   -364     24    -58    130    202     39    -69   -346   -357   -402 
  -343   -154  -1040   -974    191  -1015   -911     17   -684    265      2   -665   -978   -371   -485   -551   -368    -85   -838    173 
--------------------------------------------------------------------------------

--------------------------------------------------------------------------------
	Motif REIKJLKKLRHPNJVRL MEME-5 position-specific probability matrix
--------------------------------------------------------------------------------
letter-probability matrix: alength= 20 w= 17 nsites= 2237 E= 4.5e-657 
 0.103263  0.006258  0.010282  0.045597  0.000894  0.014752  0.008494  0.002682  0.074207  0.010729  0.008046  0.121591  0.001788  0.074654  0.354940  0.049173  0.079124  0.021457  0.008494  0.003576 
 0.011176  0.000000  0.006258  0.952615  0.000000  0.000000  0.001341  0.002235  0.001341  0.004023  0.000447  0.001341  0.000000  0.007152  0.007599  0.000447  0.000447  0.002682  0.000447  0.000447 
 0.156907  0.007152  0.000447  0.008941  0.008046  0.018328  0.000000  0.381314  0.013858  0.094770  0.037103  0.008941  0.000000  0.000000  0.016540  0.006258  0.003129  0.233795  0.000447  0.004023 
 0.068842  0.009835  0.044256  0.132320  0.011623  0.016540  0.013858  0.032186  0.140367  0.054090  0.012070  0.051408  0.003576  0.090747  0.084041  0.138578  0.023245  0.051408  0.001341  0.019669 
 0.034868  0.008941  0.000000  0.001788  0.021904  0.000447  0.007599  0.298614  0.003576  0.261511  0.050961  0.034421  0.000000  0.014305  0.008046  0.029951  0.070630  0.143049  0.000000  0.009388 
 0.013411  0.014305  0.001788  0.000000  0.007599  0.000894  0.021457  0.084041  0.000000  0.516316  0.259276  0.004023  0.000447  0.015199  0.000894  0.005811  0.017881  0.033527  0.000894  0.002235 
 0.084488  0.009835  0.000894  0.018328  0.000447  0.106392  0.012964  0.003576  0.306214  0.027269  0.010282  0.011176  0.008494  0.054984  0.141708  0.155565  0.028610  0.016987  0.000894  0.000894 
 0.026822  0.013858  0.044703  0.107734  0.004470  0.035315  0.058561  0.010729  0.153777  0.080018  0.035315  0.060796  0.000000  0.122485  0.134108  0.069736  0.025928  0.009388  0.000447  0.005811 
 0.017881  0.047832  0.000000  0.000894  0.103710  0.001341  0.000894  0.097005  0.000000  0.511399  0.046938  0.005811  0.001788  0.000000  0.000447  0.016540  0.027716  0.106840  0.000447  0.012517 
 0.005811  0.003129  0.110416  0.025034  0.004470  0.001788  0.074207  0.005364  0.173447  0.003576  0.002235  0.126062  0.000447  0.112204  0.244971  0.081806  0.007599  0.011176  0.000447  0.005811 
 0.000447  0.006705  0.007599  0.004023  0.007152  0.000447  0.909253  0.000000  0.000000  0.000000  0.000000  0.019669  0.000000  0.003576  0.000000  0.039338  0.000894  0.000000  0.000000  0.000894 
 0.018775  0.001788  0.050514  0.125615  0.000894  0.003129  0.011176  0.008494  0.075548  0.007599  0.002235  0.010282  0.495753  0.022351  0.113545  0.020563  0.008046  0.023245  0.000000  0.000447 
 0.004917  0.003129  0.008941  0.000000  0.050961  0.005364  0.109969  0.000447  0.032186  0.002682  0.000000  0.716138  0.000000  0.003129  0.011623  0.018775  0.000447  0.000000  0.000447  0.030845 
 0.000894  0.000894  0.000000  0.000000  0.003576  0.000000  0.000000  0.495753  0.000000  0.260617  0.001341  0.003129  0.000000  0.000000  0.000000  0.002682  0.007152  0.220384  0.000000  0.003576 
 0.012070  0.006258  0.000000  0.000894  0.000000  0.000000  0.000000  0.198927  0.000000  0.116227  0.010282  0.001341  0.000000  0.000447  0.000447  0.001788  0.022798  0.628520  0.000000  0.000000 
 0.052749  0.004917  0.009388  0.045597  0.000894  0.058114  0.019669  0.000894  0.205633  0.027716  0.001788  0.059008  0.037997  0.102816  0.219490  0.112651  0.032633  0.005364  0.000894  0.001788 
 0.005364  0.006258  0.000000  0.000000  0.142602  0.000000  0.000000  0.060796  0.000447  0.615557  0.023245  0.000447  0.000000  0.003129  0.001788  0.001788  0.004023  0.033527  0.000000  0.101028 
--------------------------------------------------------------------------------

--------------------------------------------------------------------------------
	Motif REIKJLKKLRHPNJVRL MEME-5 regular expression
--------------------------------------------------------------------------------
RE[IV]X[IL][LM]KXLRHPN[ILV]V[RK]L
--------------------------------------------------------------------------------




Time 58.67 secs.

********************************************************************************


********************************************************************************
MOTIF TTVVGTPGYMAPEVJ MEME-6	width =  15  sites = 2503  llr = 48773  E-value = 3.9e-594
********************************************************************************
--------------------------------------------------------------------------------
	Motif TTVVGTPGYMAPEVJ MEME-6 Description
--------------------------------------------------------------------------------
Simplified        A  :111:::1:17::11
pos.-specific     C  :::2:::::::::::
probability       D  ::::::::::1::::
matrix            E  ::1::::1::::a::
                  F  ::1:::1:::::::1
                  G  :1::7::2:::::::
                  H  11:::::::::::::
                  I  ::11::1::1:::12
                  K  1::1:::1:::::::
                  L  ::1:::1::1:::24
                  M  ::1::::::4:::::
                  N  1::::::::::::::
                  P  :::::13:::1a:::
                  Q  :::::::::::::::
                  R  :1:1::1::2:::::
                  S  11:::1::::1::::
                  T  321::7:::1:::::
                  V  ::241:1::1:::31
                  W  :::::::12::::::
                  Y  ::1:::117::::2:

         bits    6.5                
                 5.9                
                 5.2                
                 4.6                
Relative         3.9         *  **  
Entropy          3.3         *  **  
(28.1 bits)      2.6      *  * ***  
                 2.0     **  *****  
                 1.3    ***  *******
                 0.7 ***************
                 0.0 ---------------

Multilevel           TTVVGTPGYMAPEVL
consensus                    W     I
sequence                            
                                    
                                    
--------------------------------------------------------------------------------

--------------------------------------------------------------------------------
	Motif TTVVGTPGYMAPEVJ MEME-6 position-specific scoring matrix
--------------------------------------------------------------------------------
log-odds matrix: alength= 20 w= 15 n= 1799161 bayes= 11.5424 E= 3.9e-594 
   -84   -204    -30    -76   -155    -62    109   -176     41   -242     15     81   -282    -26    -18     31    253   -195    -75    -51 
     3   -160    -46    -55   -373     69    106   -261    -59   -258    -60     -8    -81    -34     47     78    219   -111   -274   -206 
    28    -46   -319    -30    172   -112   -216     31   -155    -45    118   -261   -104    -45    -37    -99     -7    173   -105    135 
    90    312   -494   -254   -146   -209   -315     33     -1   -177     64   -313   -323   -111     -2   -297   -129    261   -469   -184 
   -42   -193   -278   -418    -38    350   -585   -184   -390   -187   -326   -431   -512   -562   -298   -210   -280     76   -275   -307 
  -215   -105   -294   -455  -1013   -471   -494   -470   -390   -683   -381   -191     18   -369   -336     48    381   -362   -243   -521 
   -54   -217   -284   -342     51   -321   -122     80   -130     56    -99   -294    247   -183     98   -302   -233     18   -175    111 
    21    -26    -78      4     -8    181    -93   -183    -15   -172   -214    -45    -57    -97    -26   -180   -139   -313    372    184 
  -389   -382   -580   -677      5   -880     -6   -369   -667   -425   -720   -650   -885   -430   -464   -581   -460   -473    427    454 
    -8    -75   -599   -454   -263   -526   -265     66   -405     42    396   -378   -397   -224    178   -348      5     24   -468   -340 
   365    -85     -7   -526   -842   -414   -582   -530   -880   -522   -414   -434     21   -642   -469     36   -393   -435   -840   -889 
  -325   -544   -681   -389   -645   -707   -587   -504   -516   -556   -384   -461    409   -558   -947   -598   -356   -462   -473   -617 
  -543   -550   -108    387   -866   -606   -405   -802   -848   -683   -823   -714   -935   -356   -599   -608   -659   -679   -812   -846 
    17    -70   -501   -476   -237   -448   -239    121   -441     78     86   -349   -702   -103    -83   -219   -302    243    -58    232 
    78    -22   -501   -573     79   -272   -217    202   -519    190     99  -1005   -609   -337   -446   -364   -208     59   -116     52 
--------------------------------------------------------------------------------

--------------------------------------------------------------------------------
	Motif TTVVGTPGYMAPEVJ MEME-6 position-specific probability matrix
--------------------------------------------------------------------------------
letter-probability matrix: alength= 20 w= 15 nsites= 2503 E= 3.9e-594 
 0.032761  0.004395  0.042349  0.038753  0.012785  0.041151  0.053935  0.015981  0.079904  0.018378  0.025569  0.087495  0.007990  0.034758  0.047543  0.106672  0.306432  0.015581  0.006392  0.021175 
 0.059928  0.005993  0.037954  0.044746  0.002797  0.102677  0.052737  0.008789  0.039952  0.016380  0.015182  0.047143  0.032361  0.032761  0.074710  0.147423  0.241710  0.027966  0.001598  0.007191 
 0.071514  0.013184  0.005593  0.053536  0.124251  0.029165  0.005593  0.067119  0.020376  0.072313  0.052337  0.007990  0.027567  0.030364  0.041550  0.043148  0.050340  0.201758  0.005194  0.077107 
 0.110268  0.158610  0.001598  0.011187  0.013584  0.014782  0.002797  0.067918  0.059928  0.028765  0.035957  0.005593  0.005993  0.019177  0.053136  0.010787  0.021574  0.369557  0.000400  0.008390 
 0.044347  0.004794  0.007591  0.003596  0.029165  0.713544  0.000400  0.015182  0.003995  0.027167  0.002397  0.002397  0.001598  0.000799  0.006792  0.019976  0.007591  0.103476  0.001598  0.003596 
 0.013184  0.008789  0.006792  0.002797  0.000000  0.002397  0.000799  0.001998  0.003995  0.000799  0.001598  0.013184  0.064722  0.003196  0.005194  0.119856  0.743108  0.004794  0.001998  0.000799 
 0.040352  0.003995  0.007191  0.005993  0.053536  0.006792  0.010787  0.093887  0.024371  0.145425  0.011586  0.006392  0.314423  0.011586  0.106272  0.010388  0.010388  0.068318  0.003196  0.065122 
 0.068318  0.015182  0.030364  0.067519  0.035557  0.222932  0.013184  0.015182  0.054335  0.029964  0.005194  0.036356  0.038354  0.021175  0.044746  0.024371  0.019976  0.006792  0.142229  0.108270 
 0.003596  0.001199  0.000799  0.000400  0.037555  0.000000  0.023971  0.003995  0.000400  0.004794  0.000000  0.000400  0.000000  0.001998  0.001998  0.001199  0.001998  0.001998  0.210547  0.703156 
 0.055533  0.010787  0.000799  0.002797  0.005993  0.001598  0.003995  0.085098  0.003596  0.131842  0.360767  0.003596  0.003596  0.008789  0.184579  0.007591  0.054734  0.071115  0.000400  0.002797 
 0.741910  0.009988  0.050340  0.001598  0.000000  0.003196  0.000400  0.001199  0.000000  0.002397  0.001199  0.002397  0.066720  0.000400  0.001998  0.110667  0.003196  0.002397  0.000000  0.000000 
 0.005993  0.000400  0.000400  0.004395  0.000400  0.000400  0.000400  0.001598  0.001598  0.001998  0.001598  0.001998  0.969237  0.000799  0.000000  0.001199  0.004395  0.002397  0.000400  0.000400 
 0.001199  0.000400  0.026768  0.962046  0.000000  0.000799  0.001598  0.000000  0.000000  0.000799  0.000000  0.000000  0.000000  0.003596  0.000799  0.001199  0.000400  0.000400  0.000000  0.000000 
 0.066320  0.011187  0.001598  0.002397  0.007191  0.002797  0.004794  0.125050  0.002797  0.168997  0.041950  0.004395  0.000400  0.020376  0.030364  0.018777  0.006392  0.326009  0.007191  0.151019 
 0.101478  0.015581  0.001598  0.001199  0.065122  0.009588  0.005593  0.218937  0.001598  0.367958  0.045945  0.000000  0.000799  0.003995  0.002397  0.006792  0.012385  0.091091  0.004794  0.043148 
--------------------------------------------------------------------------------

--------------------------------------------------------------------------------
	Motif TTVVGTPGYMAPEVJ MEME-6 regular expression
--------------------------------------------------------------------------------
TTVVGTPG[YW]MAPEV[LI]
--------------------------------------------------------------------------------




Time 72.97 secs.

********************************************************************************


********************************************************************************
MOTIF LYJVMEYMPGGSLFDFL MEME-7	width =  17  sites = 2053  llr = 42653  E-value = 3.5e-538
********************************************************************************
--------------------------------------------------------------------------------
	Motif LYJVMEYMPGGSLFDFL MEME-7 Description
--------------------------------------------------------------------------------
Simplified        A  :::::::11::::::::
pos.-specific     C  :1:::::2:::::::::
probability       D  :::::1::1::2:13::
matrix            E  :::::8::2::2:11::
                  F  :11:1:2::::::2:2:
                  G  :::::::::49::::::
                  H  :::::::::1:::::2:
                  I  2:32:::1:::::::12
                  K  ::::::::11:::11::
                  L  42512:11::::81:16
                  M  :11:3::3:::::::::
                  N  ::::::::12:1::1::
                  P  1:::::::2::::::::
                  Q  ::::::::::::::1::
                  R  1::::::::::::1:1:
                  S  ::::::::1::4:11::
                  T  ::::2:::1::1:::::
                  V  1:16:::2::::1::11
                  W  :1:::::::::::::::
                  Y  :3::2:6::::::1:2:

         bits    6.5                  
                 5.9                  
                 5.2                  
                 4.6                  
Relative         3.9                  
Entropy          3.3       *   *      
(30.0 bits)      2.6    * **   * *    
                 2.0   ******  * *   *
                 1.3  ******* ****  **
                 0.7 *****************
                 0.0 -----------------

Multilevel           LYLVMEYMPGGSLXDXL
consensus              IIY F  N      I
sequence                              
                                      
                                      
--------------------------------------------------------------------------------

--------------------------------------------------------------------------------
	Motif LYJVMEYMPGGSLFDFL MEME-7 position-specific scoring matrix
--------------------------------------------------------------------------------
log-odds matrix: alength= 20 w= 17 n= 1793911 bayes= 11.7359 E= 3.5e-538 
  -306   -175   -568   -405     -2   -256   -124    158    -51    190     66   -187     11   -161     69   -384   -210     57    -88    -20 
   -26    205   -946   -918     90   -270    -41    -33   -347     74    148    -75   -956   -209   -394   -148   -216   -133    333    322 
  -341   -414  -1088  -1030     70   -997   -408    248   -993    221    173   -990  -1041   -627   -978   -944   -389     61   -869   -430 
  -115    -36  -1075   -447    -62   -498   -922    216   -980    -71   -130   -977  -1028   -381   -965   -711   -629    334   -859   -293 
  -561   -358   -666   -693     52   -983   -336   -141   -586     75    366   -977  -1028   -295   -661   -206    181    -85   -859    283 
  -256   -967    101    353   -952   -310   -160   -568   -289   -730   -539   -400    -58    -58   -389   -248   -256   -526   -938   -884 
  -591   -220   -813   -528    259   -851    -32   -276   -333     43   -270   -621   -855   -432   -549   -657   -767   -355     53    424 
   104    313   -666  -1017   -140   -400      5     15   -677    -23    391   -652  -1028   -407   -570   -481   -314    132   -859    -74 
    47   -131     16    146   -392    -44   -151   -417     40   -347   -446     40    182    -88    -67     59      2   -199   -912   -574 
  -123   -131   -429   -378   -325    259    174   -567     46   -240   -165    228   -659   -149    -16   -150   -367   -576   -442     29 
  -469   -290   -194   -327   -992    378   -887   -420    -86   -397   -453   -209   -405   -296   -262   -246   -207   -395   -893   -945 
  -102    -14    163    137   -519   -437   -452   -395   -541   -312   -352     57   -221   -199   -613    229     51   -391   -912   -574 
  -274   -263  -1017   -950   -186  -1008   -893   -103   -925    310     29   -970   -667   -309   -883   -632   -557     14   -818   -573 
   -42   -176    129    -15    220   -163     87   -331    -17     -9    -98    -65   -659    -28     74    -69    -32   -156    -66    141 
  -118   -321    263     79    -30   -231     30   -233     10   -500   -139     62   -908     52    -53     35    -40   -431   -114     40 
  -113   -122   -314   -222    231   -581    257     68   -118     20    -81   -381   -862   -111      1   -471   -283     32     85    262 
  -388   -320   -343   -447   -381  -1007   -125    207   -490    265     82   -970   -405   -405   -233   -463   -557    -13   -819   -150 
--------------------------------------------------------------------------------

--------------------------------------------------------------------------------
	Motif LYJVMEYMPGGSLFDFL MEME-7 position-specific probability matrix
--------------------------------------------------------------------------------
letter-probability matrix: alength= 20 w= 17 nsites= 2053 E= 3.5e-538 
 0.006819  0.005358  0.000974  0.003897  0.037019  0.010716  0.010716  0.161715  0.042377  0.368729  0.036532  0.013639  0.061374  0.013639  0.086702  0.005845  0.012177  0.089625  0.005845  0.026303 
 0.049196  0.075499  0.000000  0.000000  0.069654  0.009742  0.018997  0.042864  0.005358  0.164637  0.064783  0.029713  0.000000  0.009742  0.003410  0.030687  0.011690  0.023868  0.109109  0.281052 
 0.005358  0.000974  0.000000  0.000000  0.060887  0.000000  0.001461  0.301023  0.000000  0.456405  0.076473  0.000000  0.000000  0.000487  0.000000  0.000000  0.003410  0.092060  0.000000  0.001461 
 0.026303  0.014126  0.000000  0.002923  0.024355  0.001948  0.000000  0.241111  0.000000  0.059912  0.009255  0.000000  0.000000  0.002923  0.000000  0.000487  0.000487  0.612275  0.000000  0.003897 
 0.000974  0.001461  0.000487  0.000487  0.054067  0.000000  0.002435  0.019971  0.000974  0.165611  0.293229  0.000000  0.000000  0.005358  0.000487  0.020458  0.186069  0.033122  0.000000  0.214808 
 0.009742  0.000000  0.105212  0.762299  0.000000  0.007306  0.008281  0.000974  0.007793  0.000487  0.000487  0.002923  0.037993  0.027764  0.003410  0.015100  0.008768  0.001461  0.000000  0.000000 
 0.000487  0.003897  0.000000  0.001461  0.227472  0.000000  0.019971  0.007793  0.005845  0.134437  0.003410  0.000487  0.000000  0.001948  0.000974  0.000487  0.000000  0.004871  0.015587  0.570872 
 0.121286  0.159766  0.000487  0.000000  0.014126  0.003897  0.026303  0.059912  0.000487  0.083780  0.348758  0.000487  0.000000  0.002435  0.000974  0.002923  0.005845  0.150511  0.000000  0.018022 
 0.081831  0.007306  0.058451  0.181685  0.002435  0.046761  0.008768  0.002923  0.079396  0.008768  0.000974  0.065757  0.200682  0.022406  0.033609  0.129079  0.053580  0.015100  0.000000  0.000487 
 0.024842  0.007306  0.002435  0.004384  0.003897  0.383829  0.084754  0.000974  0.082806  0.018509  0.007306  0.243059  0.000487  0.014613  0.048222  0.030200  0.003897  0.000974  0.000487  0.037019 
 0.001948  0.002435  0.013639  0.006819  0.000000  0.869946  0.000000  0.002923  0.033609  0.006332  0.000974  0.011690  0.003410  0.005358  0.008768  0.015587  0.012664  0.003897  0.000000  0.000000 
 0.028738  0.016561  0.162689  0.171456  0.000974  0.002923  0.000974  0.003410  0.000974  0.011203  0.001948  0.074038  0.012177  0.010229  0.000487  0.421335  0.075499  0.003897  0.000000  0.000487 
 0.008768  0.002923  0.000000  0.000000  0.010229  0.000000  0.000000  0.026303  0.000000  0.848514  0.028251  0.000000  0.000487  0.004871  0.000000  0.000974  0.000974  0.067219  0.000000  0.000487 
 0.043838  0.005358  0.128592  0.059425  0.172918  0.020458  0.046274  0.005358  0.053580  0.093035  0.011690  0.031661  0.000487  0.034096  0.090112  0.053093  0.042377  0.020458  0.006819  0.080370 
 0.025816  0.001948  0.325377  0.114467  0.030687  0.012664  0.031174  0.010716  0.064783  0.002923  0.008768  0.076961  0.000000  0.059912  0.037019  0.109109  0.039942  0.002923  0.004871  0.039942 
 0.026790  0.007793  0.005845  0.014126  0.187043  0.000974  0.151973  0.087189  0.026790  0.114467  0.013151  0.003410  0.000000  0.019484  0.054554  0.002923  0.007306  0.075986  0.019484  0.180711 
 0.003897  0.001948  0.004871  0.002923  0.002435  0.000000  0.010716  0.229420  0.001948  0.613736  0.040916  0.000000  0.003410  0.002435  0.010716  0.003410  0.000974  0.055528  0.000000  0.010716 
--------------------------------------------------------------------------------

--------------------------------------------------------------------------------
	Motif LYJVMEYMPGGSLFDFL MEME-7 regular expression
--------------------------------------------------------------------------------
LY[LI][VI][MY]E[YF]MP[GN]GSLXDX[LI]
--------------------------------------------------------------------------------




Time 86.43 secs.

********************************************************************************


********************************************************************************
MOTIF DLLLKCLQKBPEKRPT MEME-8	width =  16  sites = 2296  llr = 38657  E-value = 3.2e-419
********************************************************************************
--------------------------------------------------------------------------------
	Motif DLLLKCLQKBPEKRPT MEME-8 Description
--------------------------------------------------------------------------------
Simplified        A  ::21:::11:111:1:
pos.-specific     C  :::::6::::::::::
probability       D  3:::1::1:4:11::1
matrix            E  1::11::111:21:::
                  F  :1::::::1:::::::
                  G  ::1:::::::::::::
                  H  :::::::1::::::::
                  I  :12:::::::::::2:
                  K  1::12::121:12:::
                  L  :632115:1:::::1:
                  M  ::2::2::::::::::
                  N  1::::::1:2:1:::1
                  P  ::::::::1:7:::6:
                  Q  1:::1::2::::1:::
                  R  1::12::11:::1a::
                  S  1::11::::1:1:::3
                  T  :::::::1:::::::4
                  V  :11:::111:::::::
                  W  ::::::2:::::::::
                  Y  ::::::::1:::::::

         bits    6.5                 
                 5.9                 
                 5.2                 
                 4.6                 
Relative         3.9              *  
Entropy          3.3      *       *  
(24.3 bits)      2.6      *    *  *  
                 2.0  *   **   *  ** 
                 1.3  **  **  **  ***
                 0.7 *** ************
                 0.0 ----------------

Multilevel           DLLXKCLXXDPXKRPT
consensus              I   W  N     S
sequence               M             
                                     
                                     
--------------------------------------------------------------------------------

--------------------------------------------------------------------------------
	Motif DLLLKCLQKBPEKRPT MEME-8 position-specific scoring matrix
--------------------------------------------------------------------------------
log-odds matrix: alength= 20 w= 16 n= 1796536 bayes= 11.7809 E= 3.2e-419 
   -40   -257    255    111   -341   -175     89   -313     39   -226    -44     14   -320    121      2    -46   -127   -258   -928   -264 
  -324   -278  -1068   -706    186   -554   -927    132   -691    252     -8   -668  -1013   -637   -947   -954   -131     80   -261   -589 
   137   -156   -682  -1033   -294    -28   -938    194   -693    138    314   -993  -1044   -375   -586   -426   -258     68   -875   -349 
     1     23    -34     73   -184   -247    -73   -191     80     92     74     -8   -368     20     63     56    -48   -141   -458    -83 
   -36    -63      4    -38   -262    -94      5   -171    189     24     -6   -108   -675    122    160    -56   -195   -285    104   -210 
  -168    508  -1167  -1114   -190   -348  -1020    -80  -1080     41    292  -1070  -1110  -1034  -1061   -478   -216   -528   -946   -942 
  -304     14  -1091  -1033     -9  -1000   -938    -55   -996    234     18   -993  -1044   -642   -530   -369    -14     41    448   -864 
    33    -80     70     19   -942   -432    145   -112     43   -334    -37     39   -924    211     25    -84     50     79   -928   -130 
     0   -121    -99     34     80   -193     55    -75    149    -56      5   -271     71     -4     31   -135   -139      4    -38    140 
  -205   -305    291     60   -296   -598   -133   -225    -17   -341   -289    221   -418    -87    -73    -47   -182   -144   -360   -220 
    65   -531   -357   -390   -253   -131   -177   -394   -230   -434   -371   -520    367   -324    -69   -107   -300   -145  -1030   -212 
   101   -179     68    153   -341   -169     21   -200     83   -163    -52     51   -269     14    -14     58    -38   -131   -163   -172 
   -17   -192    100     98   -122   -299      7   -262    203   -107     52    -24   -588    144      9    -92    -38   -211   -928   -220 
 -1010  -1101  -1224  -1095  -1015  -1140  -1012   -676   -817   -606   -338  -1084   -601   -639    421  -1106   -587  -1026  -1080  -1092 
   -15    -92   -529   -560   -152   -223   -424    165   -409      1   -180   -988    334   -397   -675   -369   -405   -228    -46    -79 
  -123   -138     -5   -294   -272   -193   -214   -583    -29   -194   -225      7    -98   -253    -88    176    285   -271   -360   -590 
--------------------------------------------------------------------------------

--------------------------------------------------------------------------------
	Motif DLLLKCLQKBPEKRPT MEME-8 position-specific probability matrix
--------------------------------------------------------------------------------
letter-probability matrix: alength= 20 w= 16 nsites= 2296 E= 3.2e-419 
 0.044425  0.003049  0.307491  0.142422  0.003484  0.018728  0.047038  0.006098  0.079268  0.020470  0.016986  0.054878  0.006098  0.096254  0.054443  0.062282  0.021777  0.010017  0.000000  0.004791 
 0.006098  0.002613  0.000000  0.000436  0.137631  0.001307  0.000000  0.135017  0.000436  0.564895  0.021777  0.000436  0.000000  0.000436  0.000000  0.000000  0.021341  0.105401  0.001742  0.000436 
 0.152875  0.006098  0.000436  0.000000  0.004791  0.052265  0.000000  0.207317  0.000436  0.256098  0.203397  0.000000  0.000000  0.003049  0.000871  0.004355  0.008711  0.096690  0.000000  0.002613 
 0.059233  0.021341  0.041376  0.109756  0.010453  0.011324  0.015244  0.014373  0.104965  0.186411  0.038763  0.047038  0.004355  0.047909  0.083188  0.126307  0.037892  0.022648  0.000436  0.016986 
 0.045732  0.011760  0.053571  0.050523  0.006098  0.033101  0.026132  0.016551  0.223868  0.116289  0.022213  0.023519  0.000436  0.097561  0.163763  0.057927  0.013502  0.008275  0.022213  0.006969 
 0.018293  0.613240  0.000000  0.000000  0.010017  0.005662  0.000000  0.030923  0.000000  0.130662  0.175087  0.000000  0.000000  0.000000  0.000000  0.003049  0.011760  0.001307  0.000000  0.000000 
 0.006969  0.020035  0.000000  0.000000  0.035279  0.000000  0.000000  0.036585  0.000000  0.498258  0.026132  0.000000  0.000000  0.000436  0.001307  0.006533  0.047909  0.080139  0.240418  0.000000 
 0.074042  0.010453  0.084930  0.075348  0.000000  0.003049  0.069251  0.024826  0.081010  0.009582  0.017857  0.065331  0.000000  0.180314  0.064024  0.047909  0.074913  0.104965  0.000000  0.012195 
 0.058798  0.007840  0.026132  0.083188  0.065767  0.016551  0.037021  0.032230  0.169861  0.067073  0.023955  0.007404  0.093206  0.040505  0.066638  0.033537  0.020035  0.062282  0.008275  0.079704 
 0.013937  0.002178  0.395470  0.100174  0.004791  0.000871  0.010017  0.011324  0.053571  0.009146  0.003049  0.231272  0.003049  0.022648  0.032230  0.061847  0.014808  0.022213  0.000871  0.006533 
 0.092770  0.000436  0.004355  0.004355  0.006533  0.025697  0.007404  0.003484  0.012195  0.004791  0.001742  0.001307  0.720383  0.004355  0.033537  0.040941  0.006533  0.022213  0.000000  0.006969 
 0.118467  0.005226  0.084059  0.191202  0.003484  0.019599  0.029181  0.013502  0.107578  0.031794  0.016115  0.070993  0.008711  0.045732  0.048780  0.128049  0.040505  0.024390  0.003484  0.009146 
 0.052265  0.004791  0.104965  0.130662  0.016115  0.007840  0.026568  0.008711  0.247822  0.047038  0.033101  0.042247  0.000871  0.113676  0.057056  0.045296  0.040505  0.013937  0.000000  0.006533 
 0.000000  0.000000  0.000000  0.000000  0.000000  0.000000  0.000000  0.000436  0.000000  0.001307  0.002178  0.000000  0.000871  0.000436  0.993902  0.000000  0.000871  0.000000  0.000000  0.000000 
 0.053136  0.009582  0.001307  0.001307  0.013066  0.013502  0.001307  0.170296  0.003484  0.099303  0.006533  0.000000  0.577091  0.002613  0.000436  0.006533  0.003049  0.012195  0.007840  0.017422 
 0.024826  0.006969  0.050523  0.008275  0.005662  0.016551  0.005662  0.000871  0.049216  0.025697  0.004791  0.052265  0.028746  0.006969  0.029181  0.291376  0.381969  0.009146  0.000871  0.000436 
--------------------------------------------------------------------------------

--------------------------------------------------------------------------------
	Motif DLLLKCLQKBPEKRPT MEME-8 regular expression
--------------------------------------------------------------------------------
DL[LIM]XKC[LW]XX[DN]PXKRP[TS]
--------------------------------------------------------------------------------




Time 100.31 secs.

********************************************************************************


********************************************************************************
MOTIF EQRLKIALQIARGLAYL MEME-9	width =  17  sites = 2462  llr = 38887  E-value = 2.5e-370
********************************************************************************
--------------------------------------------------------------------------------
	Motif EQRLKIALQIARGLAYL MEME-9 Description
--------------------------------------------------------------------------------
Simplified        A  1:11::31:15:2:2::
pos.-specific     C  ::::::1:::::::::1
probability       D  11::1:::1:::::1::
matrix            E  11::::::1::1::2::
                  F  ::::121::::::::1:
                  G  ::::::::2:::8::::
                  H  :1:::::::::::::1:
                  I  ::21:311:4:::1::1
                  K  11:12::1:::2::1::
                  L  :122:122:231:61:7
                  M  :::::11::::::2:::
                  N  1:::1::::::::::::
                  P  1::::::::::::::::
                  Q  12:1:::14::1:::::
                  R  11211::1:::2:::::
                  S  1:::1:1::::1::1::
                  T  :1::::1::1:::::::
                  V  :111:111:21::1:::
                  W  :::::::::::::::::
                  Y  ::::11:1:::::::7:

         bits    6.5                  
                 5.9                  
                 5.2                  
                 4.6                  
Relative         3.9                  
Entropy          3.3             *  * 
(22.8 bits)      2.6             *  * 
                 2.0      *  * * ** **
                 1.3   *  ** *** ** **
                 0.7  ****************
                 0.0 -----------------

Multilevel           XXRXXIAXQIARGLXYL
consensus              L      VL AM   
sequence                              
                                      
                                      
--------------------------------------------------------------------------------

--------------------------------------------------------------------------------
	Motif EQRLKIALQIARGLAYL MEME-9 position-specific scoring matrix
--------------------------------------------------------------------------------
log-odds matrix: alength= 20 w= 17 n= 1793911 bayes= 11.5579 E= 2.5e-370 
    12   -202     98     92   -144    -40    -15    -95     75   -236    -78      4     72     81     10     32    -36   -131   -313   -212 
   -68   -157     49     77    -98   -269    124    -77      4    -65     24    -58   -330    201     61   -154    107    -11   -141   -169 
   106     47  -1098   -499   -219   -426   -196    164   -208    112     48   -312   -303   -267    205   -285   -102     89   -140   -212 
    65     56   -584   -519      4   -145   -131     72     95     79     38   -292   -394     53     82   -131   -152    116    -27     34 
   -38     -9     43    -71     92    -45     43   -181    141   -160   -165     28   -378     25     81     32     -8   -146   -192    117 
  -343    -67  -1101   -571    208  -1009   -490    264   -374     17    185   -678  -1055   -504   -687   -563   -414     74    210    214 
   238    184   -540   -452     60   -126   -393     89   -703     87    186  -1003   -606   -433   -469    -59      0    -17   -312   -274 
    83    -31   -571    -91      5   -140    -43     11     16     79   -107   -197   -599     46    122   -160    -61     21     -3    195 
  -164   -445    140    110   -637    152    -95   -539   -227   -750    -83   -233   -598    328   -434   -103   -188   -417   -468   -511 
    77    -83   -383  -1043   -280   -619   -490    275  -1006     70     68  -1003   -606   -969   -992   -199     50    186   -885   -510 
   297    144   -686   -432   -261   -215   -490    -48   -402    149   -101   -674  -1036   -558   -539   -103   -153     14   -465   -385 
   -27     78    -35     39   -392   -219   -105   -314    149    -80   -107    -17   -934    100    213     66   -176   -417   -938   -456 
   182   -203   -658   -472  -1018    358   -913   -472   -484  -1084   -574   -482   -453   -950   -902   -388   -257   -439   -919   -971 
  -452   -231   -596   -713   -157   -621   -584    103   -516    249    323   -679   -509   -898   -538   -973   -398     57   -855   -599 
   175     -6     41    139   -183   -128     25   -296    104    -57   -201    -17   -409      6    -59    -28   -106    -95   -272    -89 
  -199   -246   -230   -602    192   -463    189   -311   -328   -376   -408   -519   -593   -296   -286   -366   -328   -381   -111    448 
  -278    192  -1043   -976   -383  -1034   -919     63   -460    292     84   -996   -603   -366   -421   -363   -399   -113   -844   -456 
--------------------------------------------------------------------------------

--------------------------------------------------------------------------------
	Motif EQRLKIALQIARGLAYL MEME-9 position-specific probability matrix
--------------------------------------------------------------------------------
letter-probability matrix: alength= 20 w= 17 nsites= 2462 E= 2.5e-370 
 0.064175  0.004468  0.103168  0.125102  0.013810  0.047929  0.022746  0.028026  0.101543  0.019090  0.013404  0.051178  0.093826  0.073111  0.057677  0.107230  0.041024  0.024370  0.001219  0.006905 
 0.036556  0.006093  0.073517  0.112510  0.019090  0.009748  0.059708  0.031682  0.062145  0.062957  0.027214  0.033306  0.005686  0.167750  0.082047  0.029245  0.111292  0.056052  0.004062  0.009342 
 0.123071  0.025183  0.000000  0.002031  0.008123  0.003249  0.006499  0.168156  0.014216  0.214054  0.032088  0.005686  0.006905  0.006499  0.223802  0.011779  0.025995  0.111698  0.004062  0.006905 
 0.092201  0.026807  0.000812  0.001625  0.038587  0.023152  0.010154  0.088952  0.116978  0.170187  0.030057  0.006499  0.003656  0.060114  0.095045  0.034525  0.018278  0.135256  0.008936  0.038180 
 0.045085  0.017059  0.070674  0.040211  0.071080  0.046304  0.034119  0.015435  0.161251  0.032494  0.007311  0.060520  0.004062  0.049553  0.094639  0.107230  0.049959  0.021933  0.002843  0.068237 
 0.005280  0.011373  0.000000  0.001219  0.158814  0.000000  0.000812  0.337124  0.004468  0.110885  0.083266  0.000406  0.000000  0.001219  0.000406  0.001625  0.002843  0.101137  0.046304  0.132819 
 0.307880  0.064988  0.001219  0.002843  0.056864  0.026401  0.001625  0.100325  0.000406  0.179529  0.084078  0.000000  0.000812  0.002031  0.002031  0.056864  0.052803  0.053615  0.001219  0.004468 
 0.104793  0.014622  0.000812  0.034931  0.038993  0.023964  0.018684  0.058489  0.067425  0.170187  0.010967  0.012591  0.000812  0.057271  0.125508  0.028026  0.034525  0.069862  0.010561  0.116978 
 0.018684  0.000812  0.138099  0.141348  0.000406  0.181560  0.012998  0.001219  0.012185  0.000406  0.012998  0.009748  0.000812  0.405768  0.002437  0.041836  0.014216  0.003249  0.000406  0.000812 
 0.100325  0.010154  0.003656  0.000000  0.005280  0.000812  0.000812  0.364744  0.000000  0.159626  0.036962  0.000000  0.000812  0.000000  0.000000  0.021527  0.074736  0.219740  0.000000  0.000812 
 0.462226  0.049553  0.000406  0.003249  0.006093  0.014216  0.000812  0.038587  0.003656  0.278229  0.011373  0.000406  0.000000  0.000812  0.001219  0.041836  0.018278  0.066613  0.000406  0.002031 
 0.048741  0.031275  0.041024  0.086515  0.002437  0.013810  0.012185  0.006093  0.170187  0.056458  0.010967  0.044273  0.000000  0.083672  0.236799  0.135662  0.015435  0.003249  0.000000  0.001219 
 0.211210  0.004468  0.000406  0.002437  0.000000  0.755483  0.000000  0.002031  0.002031  0.000000  0.000406  0.001625  0.002437  0.000000  0.000000  0.005686  0.008936  0.002843  0.000000  0.000000 
 0.002437  0.003656  0.000812  0.000406  0.012591  0.000812  0.000406  0.110885  0.001625  0.551178  0.218115  0.000406  0.001625  0.000000  0.001219  0.000000  0.003249  0.090171  0.000000  0.000406 
 0.198619  0.017465  0.069456  0.173030  0.010561  0.025995  0.030057  0.006905  0.123883  0.066613  0.005686  0.044273  0.003249  0.043461  0.035743  0.070674  0.025183  0.031275  0.001625  0.016247 
 0.014622  0.003249  0.010561  0.000812  0.142567  0.002437  0.094639  0.006093  0.006093  0.006905  0.001219  0.001219  0.000812  0.005280  0.007311  0.006499  0.005280  0.004062  0.004874  0.675467 
 0.008530  0.069456  0.000000  0.000000  0.002437  0.000000  0.000000  0.084078  0.002437  0.745735  0.041430  0.000000  0.000812  0.003249  0.002843  0.006905  0.003249  0.027620  0.000000  0.001219 
--------------------------------------------------------------------------------

--------------------------------------------------------------------------------
	Motif EQRLKIALQIARGLAYL MEME-9 regular expression
--------------------------------------------------------------------------------
XX[RL]XXIAXQ[IV][AL]R[GA][LM]XYL
--------------------------------------------------------------------------------




Time 114.34 secs.

********************************************************************************

********************************************************************************
Stopped because requested number of motifs (9) found.
********************************************************************************

CPU: admin1-OptiPlex-Tower-Plus-7010

********************************************************************************
